CB	CorrectedReads	MappedReads	DeduplicatedReads	MappingRate	DedupRate	MeanByMax	NumGenesExpressed	NumGenesOverMean
CACACACACACACACA	2129364	10247	2255	0.00481224	0.779936	0.0394114	1973	234
ACACACACACACACAC	2047534	8235	2343	0.00402191	0.715483	0.0363171	1955	257
AGAATAGGTTCTCATT	1097478	795146	71928	0.724521	0.909541	0.0087256	8058	1068
CCATTCGGTCTCTTAT	1037226	735061	65801	0.70868	0.910482	0.0101455	7486	864
CGTTGGGCATCCTAGA	997847	740941	66456	0.74254	0.910309	0.0105046	7624	1049
ACATACACACACACAC	968670	5094	1384	0.00525876	0.728308	0.0634397	1212	160
ACGTCAAGTGCTGTAT	891995	626650	58301	0.702526	0.906964	0.00971867	7408	993
GTGTGTGTGTGTGTGT	837120	11526	1755	0.0137686	0.847736	0.0431374	1453	211
CCTATTAGTCGAACAG	825041	571092	55747	0.692198	0.902385	0.00897638	6927	791
TGACTTTAGAGAGCTC	821743	578844	58271	0.70441	0.899332	0.00726267	7283	753
TGTGTTTAGAGCCTAG	784819	603235	50676	0.768629	0.915993	0.00177023	5145	531
CAAGATCCAAGTTCTG	780338	576006	50724	0.738149	0.911938	0.00317203	6071	720
GTGAAGGAGTACGTTC	768826	560845	49637	0.729482	0.911496	0.0113079	6808	859
CATGCCTAGGATGCGT	757242	570420	52509	0.753286	0.907947	0.0105362	7059	993
CTACGTCGTAGCTGCC	734348	534827	48990	0.728302	0.9084	0.0103764	6738	794
TCTATTGTCGGTCCGA	692675	498747	45887	0.72003	0.907995	0.0108454	6442	745
CATCAAGAGTGGCACA	686664	531001	46185	0.773305	0.913023	0.00243149	5436	683
CGAATGTTCTGAGTGT	679459	528202	48797	0.777386	0.907617	0.00194158	5672	712
TGCACCTTCGGTCCGA	678248	490355	45123	0.722973	0.907979	0.00239772	5742	724
CATCAGACAGACGCAA	658839	481574	42329	0.730943	0.912103	0.0110837	6083	815
GTTAAGCTCTTCCTTC	652087	473344	44041	0.725891	0.906958	0.00230747	5384	586
GCGCCAAGTCTCTCGT	634677	500665	43566	0.78885	0.912984	0.00216117	5106	601
CGTTCTGTCATTGCGA	564026	388492	36072	0.688784	0.907149	0.0119691	6138	856
TAAGCGTTCACCATAG	554631	417753	38072	0.753209	0.908865	0.00584813	5823	791
AGTAGTCGTACAGCAG	540380	403294	34934	0.746316	0.913378	0.00287244	4914	652
AAGCAGTGGTATCAAC	529892	10370	2276	0.01957	0.780521	0.132882	2141	223
CTACACACACACACAC	523053	2012	744	0.00384665	0.630219	0.113553	728	73
TACCTATGTATAGGGC	517632	370156	38836	0.715095	0.895082	0.00294995	5615	717
AGTGGGACACACAGAG	508472	369608	32838	0.726899	0.911155	0.012835	5541	754
TTTATGCAGGCTCAGA	497067	361450	37427	0.727166	0.896453	0.00359983	5362	749
GTTCATTTCAACCATG	484853	340592	30326	0.702464	0.910961	0.00745787	4911	538
GAACATCGTAGCTAAA	472993	364915	30840	0.771502	0.915487	0.00310138	4570	552
CTCAGAAAGAGCCTAG	471482	371460	33897	0.787856	0.908747	0.00288082	4627	582
CTCGGAGTCCGGCACA	470586	341820	36525	0.726371	0.893146	0.00420736	5339	746
CGCCAAGCAATTGCTG	467492	337388	28991	0.721698	0.914072	0.0116126	4649	546
CCCATACTCTTCTGGC	466029	362243	32767	0.777297	0.909544	0.00317054	4515	538
AAGGAGCCACACCGCA	465863	325926	30607	0.699618	0.906092	0.012282	5742	750
GTGCGGTAGCGTCTAT	464600	352926	36005	0.759634	0.897981	0.0121139	5404	689
TTCGGTCAGTCGTACT	459972	350780	33052	0.762612	0.905776	0.00255685	4723	574
CATCGGGCATTCCTGC	457693	347416	29559	0.759059	0.914918	0.00335239	4366	558
AAGGTTCGTGGTTTCA	454644	348973	32423	0.767574	0.90709	0.00382454	4796	688
GGGCATCTCCCACTTG	442045	329952	32529	0.746422	0.901413	0.00336456	4730	596
CCTACACACACACACA	438676	1961	648	0.00447027	0.669556	0.11094	649	496
GCAATCATCACCATAG	437989	338207	28494	0.772181	0.91575	0.00271286	4168	542
TACTCATAGTATCGAA	434520	307089	29877	0.706732	0.902709	0.0092357	5143	645
AACCGCGCAAGACACG	432615	321965	30980	0.74423	0.903778	0.00341141	4720	629
AGATTGCTCAATAAGG	432592	318541	29439	0.736354	0.907582	0.00215617	4533	564
TGTCCCAAGTACGCGA	419062	320672	30983	0.765214	0.903381	0.00393028	4404	546
CCCAGTTCACCCATTC	418342	304936	27289	0.728916	0.910509	0.00278668	4519	546
GTACTCCGTTATCGGT	410997	278183	27472	0.676849	0.901245	0.0126519	5309	728
