CB	CorrectedReads	MappedReads	DeduplicatedReads	MappingRate	DedupRate	MeanByMax	NumGenesExpressed	NumGenesOverMean	ArborescenceCount
ATGCGATTCACCCTCA	211894	134411	55521	0.634331	0.586931	0.00719695	7880	1278	2.4209
GAATGAAGTCGGCATC	184856	115747	46183	0.626147	0.601	0.00890712	7118	1222	2.50627
CACACAAAGTCAAGCG	193700	133793	53885	0.690723	0.597251	0.00962076	7518	1232	2.48294
CCGGTAGTCACCCTCA	188486	127748	52284	0.677759	0.590725	0.00688802	7061	1070	2.44335
CCCATACCACGGTAGA	180447	128633	51741	0.712858	0.597763	0.0199559	7123	1125	2.48609
TGATTTCCAATAACGA	213483	150848	62856	0.706604	0.583316	0.00946377	7750	1212	2.3999
TACCTATGTCCTCCAT	194004	138612	57949	0.71448	0.581934	0.0103766	7007	1010	2.39197
TGCTACCGTAAATACG	176072	125969	50597	0.71544	0.598338	0.0134978	6670	951	2.48965
TTCTTAGGTGAAGGCT	219506	154684	69646	0.704691	0.549753	0.00909716	8135	1340	2.221
TGCTACCCACCAGCAC	244868	168810	67208	0.689392	0.601872	0.0147252	8216	1273	2.51175
TGGTTCCAGTCCATAC	299998	208810	84612	0.696038	0.59479	0.0124635	8769	1412	2.46785
TGCGTGGCACGGTAAG	175132	111376	44163	0.635955	0.603478	0.00872241	6778	1168	2.52193
CTACCCACACTTGGAT	164336	99566	40360	0.605868	0.594641	0.00885738	6875	1291	2.46695
TGGACGCTCAGTGTTG	165046	115170	46801	0.697805	0.593635	0.017933	6978	1199	2.46084
AGGGAGTTCCTCAATT	155836	100163	41346	0.642746	0.587213	0.0151349	6836	1112	2.42256
TACTCGCAGATAGTCA	157241	101174	42050	0.643433	0.584379	0.00806322	6880	1121	2.40604
CCAATCCTCGCTTGTC	153986	101177	40786	0.657053	0.596885	0.0181207	6800	1276	2.48068
ATAAGAGGTACGACCC	152128	108592	47395	0.71382	0.56355	0.0186796	7009	1336	2.29121
TGGCCAGGTCCTCTTG	147280	94480	38533	0.641499	0.592157	0.0141836	6675	1189	2.45192
TATGCCCGTATTAGCC	147369	99539	40557	0.675441	0.592552	0.0167429	6608	1064	2.4543
GCATGATCATGGGAAC	145877	93757	38291	0.642713	0.591593	0.0102789	6700	1244	2.44854
GTATCTTAGTGTCCCG	143307	96580	43087	0.673938	0.553872	0.013213	6696	1137	2.24151
CCTTCGAGTACATCCA	143061	96374	40814	0.673657	0.576504	0.017843	6809	1283	2.3613
ACAGCCGGTAATCACC	142817	88442	35531	0.619268	0.598256	0.0108856	6101	1061	2.48915
CACATAGTCAACGGCC	135324	77193	30718	0.570431	0.602062	0.00931094	6133	998	2.51296
CATTATCTCAACCAAC	138886	84216	35099	0.606368	0.583226	0.00800725	6200	1012	2.39938
CCTAGCTCACGGCGTT	134009	85709	34951	0.639576	0.592213	0.0134614	6540	1143	2.45226
GCTCCTACATTGCGGC	130023	85789	36615	0.659799	0.573197	0.0237623	6642	1117	2.343
ACGCCAGAGCAGCGTA	129699	89289	37154	0.688432	0.583891	0.0124865	6238	1183	2.40321
CAGTAACGTCTGCCAG	129385	85514	33759	0.660927	0.605223	0.0120546	6349	1082	2.53307
AACGTTGCATTCTTAC	127971	85768	34899	0.670214	0.5931	0.0159436	6621	1042	2.45761
AACTCCCCAACTGGCC	125215	71771	29507	0.573182	0.588873	0.0108837	6181	1163	2.43234
TCGCGTTTCTCTGCTG	126293	82197	35118	0.650844	0.572758	0.00917241	6058	1049	2.34059
TTTGGTTTCACCTCGT	125061	74737	33117	0.597604	0.556886	0.00860158	6503	1106	2.25676
GCGCCAAAGATTACCC	123239	80597	33223	0.653989	0.587789	0.0110302	6031	1060	2.42594
GAGGTGAAGCGTGAAC	118837	80478	32339	0.677213	0.598163	0.0159232	6028	1033	2.48857
TGCCAAAGTTAAGATG	116066	78620	31602	0.677373	0.598041	0.0238444	5954	936	2.48782
CCAATCCAGTGAACAT	115706	68330	27191	0.590548	0.602064	0.0157943	5728	1040	2.51296
CTCAGAACAGTAAGCG	115788	76392	31020	0.659757	0.593937	0.0065829	5870	971	2.46267
CGTCTACCAGGCGATA	115644	76963	31057	0.665517	0.596468	0.0220072	5856	894	2.47812
TATCAGGAGGAATTAC	115284	82857	35081	0.718721	0.576608	0.026936	6364	1144	2.36188
AGGGTGAAGTTAGCGG	114843	77155	31475	0.67183	0.592055	0.0093225	6111	1006	2.45131
GCTGCTTTCTGCGACG	110151	72217	29845	0.655618	0.586732	0.0155396	5716	928	2.41974
TCACAAGTCTTGGGTA	109725	66538	27522	0.606407	0.586372	0.0121955	5804	1093	2.41763
CAGATCAGTTGTCGCG	108562	73973	29997	0.681389	0.594487	0.0206723	5786	938	2.46601
TGGACGCTCCCTTGTG	108351	67036	27437	0.618693	0.590712	0.0108421	5574	1058	2.44327
CTACCCAAGCTGAACG	107515	68154	27773	0.633902	0.592496	0.0179592	5994	1125	2.45397
CAGAGAGCATCCAACA	107263	72067	29279	0.671872	0.593725	0.00743391	5733	877	2.46139
TGGCGCATCGGTGTCG	105826	74211	29947	0.701255	0.596461	0.0237197	5765	927	2.47808
GGCCGATCACCGCTAG	103275	65567	26517	0.634878	0.595574	0.0166343	5673	1012	2.47264
AAATGCCTCATTTGGG	102355	59972	25188	0.585922	0.580004	0.0121261	5470	1001	2.38098
CGTCTACTCCTATGTT	101912	58518	24009	0.574201	0.589716	0.0113853	5449	877	2.43734
GGCGACTAGCCAGTAG	101426	64438	25772	0.63532	0.60005	0.0116799	5558	1019	2.50031
GGGATGAAGACTGTAA	101261	62400	24744	0.616229	0.603462	0.01004	5614	954	2.52182
ACGCCGAAGGATCGCA	99952	66136	26726	0.661678	0.595893	0.00893431	5664	1070	2.47459
GTAACGTCAGCTGGCT	99887	64670	27019	0.647432	0.582202	0.0151782	5914	1065	2.3935
GTCACAAGTCGCGGTT	99774	63537	26283	0.636809	0.586336	0.00988028	5687	1070	2.41742
TACTCATGTACTCGCG	99355	71270	30358	0.717327	0.574042	0.0138786	5900	949	2.34765
AAGGTTCGTCAAAGCG	98902	65096	26445	0.658187	0.593754	0.00716697	5532	1050	2.46156
TTGCGTCCAGCTCCGA	98725	66910	27994	0.677741	0.581617	0.0162164	5832	1083	2.39016
TCACAAGCACAGGAGT	98132	65748	26603	0.669996	0.595379	0.0149641	5573	1044	2.47145
TCTATTGGTACCTACA	97838	58232	25195	0.595188	0.567334	0.00947305	5950	1077	2.31125
ATCCGAACACGTTGGC	97370	58930	23760	0.605217	0.59681	0.00981952	5537	943	2.48022
CTTCTCTAGGGATACC	96557	63319	27276	0.655768	0.569229	0.016161	5922	1066	2.32142
TGCGTGGAGGCGACAT	96074	69951	28081	0.728095	0.598562	0.0258564	5541	918	2.49104
GGCCGATCAATGGACG	95024	56931	23387	0.599122	0.589204	0.0115733	5290	901	2.4343
GAAATGACACGTAAGG	92247	53166	21330	0.576344	0.598804	0.00880738	5131	875	2.49255
AGATTGCCACGGCTAC	92305	55907	22630	0.605677	0.595221	0.00950195	5328	874	2.47048
GCGAGAACAAGACACG	94514	65698	26006	0.695114	0.604158	0.0155268	5581	1049	2.52626
TATTACCAGGATTCGG	91949	54331	23390	0.590882	0.569491	0.0106896	5484	966	2.32283
CCTACCATCCACTCCA	91660	49845	20850	0.543803	0.581703	0.00768891	5523	1055	2.39065
ACTTTCAAGGCTCAGA	91636	57161	24482	0.623783	0.571701	0.00768288	5413	986	2.33482
CCTTCGATCACGCGGT	91526	54616	23329	0.596727	0.572854	0.0136285	5270	934	2.34112
CCTCTGAAGAAGGACA	90696	57043	23598	0.628947	0.586312	0.00848033	5211	913	2.41728
GATGCTAGTAGTGAAT	90091	53734	21882	0.596441	0.592772	0.00843466	5241	841	2.45563
TGCTGCTAGTTTGCGT	89243	52772	21512	0.591329	0.59236	0.00991481	5118	838	2.45314
CGGACGTTCCTGTACC	88873	56989	23018	0.641241	0.596097	0.0094257	5152	822	2.47584
AACTCAGCAAGCTGAG	88797	62111	26050	0.699472	0.58059	0.0187256	5484	1077	2.3843
ACACCCTCACGGATAG	88717	57142	23517	0.644093	0.588446	0.0102199	5151	941	2.42982
CAGCGACAGTAACCCT	88777	60242	24110	0.678577	0.599781	0.0122537	5275	927	2.49863
CAAGTTGGTCTTGTCC	87762	52708	21602	0.600579	0.590157	0.0133476	5146	827	2.43996
CTTACCGTCTGGCGTG	88477	59992	24891	0.678052	0.585095	0.0197749	5449	982	2.41019
TTGACTTAGCGCTCCA	86935	50901	21809	0.585506	0.571541	0.0115938	5421	898	2.33394
GACTAACTCCCTAATT	86819	43650	18029	0.50277	0.586964	0.00907717	5003	894	2.4211
ATCACGAAGATCACGG	85492	55210	22766	0.645791	0.587647	0.014187	5117	927	2.42511
TCCACACTCAACCAAC	86755	52827	21393	0.608922	0.595037	0.0111334	5141	899	2.46936
ACACCAAGTGCAGACA	85164	54505	22158	0.64	0.593468	0.0138206	5032	871	2.45983
GGACGTCAGTTACGGG	85265	55249	21777	0.647968	0.605839	0.012571	4812	812	2.53703
GTTCATTAGCGTTGCC	83870	47685	20292	0.568558	0.574457	0.0176833	5148	1093	2.34994
CAACCAACAGCCTTGG	82304	53537	21532	0.650479	0.597811	0.0254057	4899	727	2.48639
ACGGAGAGTGTCTGAT	81266	51879	21088	0.638385	0.593516	0.00939339	4924	848	2.46012
TACTTGTAGAGAACAG	81180	52506	21390	0.646785	0.592618	0.0128448	4855	833	2.4547
CAGCTAAAGCTACCTA	81122	49255	19767	0.607172	0.59868	0.00990262	4859	803	2.49178
TACGGTAAGTCCGGTC	80765	49732	20238	0.615762	0.593059	0.0119153	4953	772	2.45736
AATCCAGGTTGCGTTA	80295	49004	21487	0.6103	0.561526	0.0132993	4982	855	2.28063
GGGACCTCAGACTCGC	79960	52543	21341	0.657116	0.593837	0.0118059	5092	840	2.46207
AGCAGCCTCATGCAAC	79321	51009	20399	0.643071	0.60009	0.0104498	5073	830	2.50056
GGACAAGAGGCAGTCA	79414	55666	22415	0.70096	0.597331	0.0210201	4983	872	2.48343
CGATGTATCACAGTAC	79274	49031	19608	0.6185	0.60009	0.0227287	5033	1038	2.50056
ATTGGACAGATCGATA	78808	56141	23727	0.712377	0.577368	0.0276183	5472	905	2.36612
CCGTTCAAGGTCATCT	78384	48771	20070	0.622206	0.588485	0.00875953	5005	799	2.43004
CTGTGCTCATATGCTG	78312	44771	18077	0.5717	0.596234	0.024465	4959	973	2.47668
GTTAAGCTCGGCGGTT	78302	51467	21106	0.657288	0.589912	0.0149471	4873	805	2.4385
GGCGACTTCGAACGGA	78233	48311	19268	0.617527	0.601167	0.010493	4873	993	2.50732
CTTGGCTAGATGGGTC	77408	53577	22308	0.692138	0.583627	0.0288161	5161	892	2.40169
GTACTCCGTGATGATA	77302	55410	22544	0.716799	0.593142	0.0300089	5181	981	2.45786
CGTTAGAAGTGTACTC	77258	50676	20104	0.655932	0.603284	0.0138548	4742	826	2.52069
GTCAAGTCATATGGTC	77036	51481	21408	0.668272	0.584157	0.0251573	5163	889	2.40476
CTACGTCTCAGGATCT	76555	41995	17156	0.54856	0.591475	0.0170744	4854	913	2.44783
TACGGTAGTCGACTAT	75862	45334	18533	0.597585	0.59119	0.013652	4891	941	2.44612
TATTACCAGTGGCACA	75653	44520	18691	0.588476	0.580166	0.0112066	4666	708	2.3819
TAGCCGGCATTCCTCG	75493	42523	17214	0.563271	0.595184	0.00806278	4755	916	2.47026
GCTGCGAAGCTAACTC	74836	48073	19443	0.642378	0.595553	0.00936979	4837	796	2.47251
ACACCAACAAGCCGTC	74675	43279	17723	0.579565	0.590494	0.0171906	4644	927	2.44197
CAACTAGTCGCAAGCC	74082	46660	18493	0.629843	0.603665	0.00737037	4562	706	2.52312
ACACCAAGTTGTCGCG	74228	50327	20766	0.678006	0.587379	0.0156681	4686	785	2.42353
AGTGAGGAGCGTAGTG	73695	54356	23167	0.737581	0.573791	0.0115576	5220	951	2.34627
TCCACACTCACCTTAT	73561	40224	16534	0.546811	0.588952	0.0159671	4794	834	2.43281
TATCAGGTCCTGTACC	73530	43796	18901	0.595621	0.568431	0.0111918	5012	1026	2.31713
CTACATTGTTGTCTTT	73001	43878	18230	0.60106	0.58453	0.00816364	4792	962	2.40691
GGTATTGAGCGTTGCC	72430	49343	20546	0.681251	0.583609	0.0066784	4755	832	2.40159
GGTGCGTCAGTCCTTC	72362	42858	17796	0.592272	0.584768	0.00965532	4647	936	2.40829
AGTGGGACAATGTTGC	71936	49485	19996	0.687903	0.595918	0.0238186	4743	818	2.47474
CAACCAACACCACCAG	70964	44711	17996	0.630052	0.597504	0.0156119	4672	932	2.4845
CATCGGGGTCAACATC	70786	44435	18243	0.627737	0.589445	0.010881	4804	977	2.43573
AGGCCACCACCATCCT	70672	48632	19547	0.688137	0.598063	0.0125029	4804	831	2.48795
CAGTCCTCAATGGTCT	70619	41753	16913	0.591243	0.594927	0.0121072	4388	887	2.46869
GTAGTCACAGCTGGCT	70571	43533	17675	0.616868	0.593986	0.0116097	4649	911	2.46297
CATATGGTCTTCCTTC	70571	48163	19884	0.682476	0.587152	0.0112717	5125	1101	2.4222
ATCCGAAAGTGTGGCA	70428	44483	18446	0.63161	0.585325	0.00819471	4719	969	2.41153
TGTGTTTAGAGCTTCT	70115	44259	18179	0.631234	0.589259	0.00898225	4521	729	2.43462
TTCGAAGCAGCATACT	70107	44229	17645	0.630879	0.601054	0.0156687	4971	1006	2.5066
GCAGTTAAGACTAGAT	69614	45845	18452	0.65856	0.597513	0.0439702	5056	1112	2.48455
TCGCGAGAGCGAGAAA	69495	46458	19651	0.668509	0.577016	0.0115294	5013	1050	2.36415
TCTGGAAGTTTCCACC	69547	43726	18291	0.628726	0.581691	0.0106419	4828	962	2.39057
CTGTTTAGTCGCGAAA	69403	43185	18212	0.622235	0.578279	0.0127586	4433	677	2.37124
CGAACATAGTCGCCGT	69172	45748	20458	0.661366	0.552811	0.0144783	4714	757	2.23619
ACACCGGGTTCAGACT	68640	43726	18039	0.637034	0.587454	0.0112857	4800	994	2.42397
AGAGTGGCATCCCACT	68983	44793	18161	0.649334	0.594557	0.00909914	3968	558	2.46644
CTAACTTGTTAGATGA	68611	51608	21706	0.752183	0.579406	0.0226697	5290	930	2.37759
CAGCGACGTTAAGGGC	68582	49072	19436	0.715523	0.603929	0.0166933	4997	1069	2.5248
CTGTGCTTCACGGTTA	68005	43004	17370	0.632365	0.596084	0.00990264	4605	903	2.47576
TTTACTGCAGTATAAG	67960	40816	18595	0.600589	0.544419	0.0102572	4726	942	2.195
GGCGTGTCAAATTGCC	67732	47081	19920	0.695107	0.576899	0.0211537	4849	841	2.3635
CCGGGATGTTCTCATT	67494	46278	18697	0.685661	0.595985	0.015242	4687	946	2.47516
CATTATCCAGTCTTCC	67491	36125	15126	0.535257	0.581287	0.0101087	4414	782	2.38827
GGTATTGGTACCGGCT	67184	43784	17609	0.651703	0.597821	0.0106191	4483	908	2.48646
GAACCTACAAGCGATG	66589	46434	18532	0.697322	0.600896	0.0255817	4364	720	2.50561
AGTGAGGCAGCATGAG	66458	43278	17301	0.651208	0.600236	0.0131285	4483	904	2.50147
CCAATCCCATGGGACA	66337	41216	16616	0.621312	0.596856	0.0170194	4282	845	2.4805
GAACGGACATCTGGTA	66169	39644	15848	0.599133	0.600242	0.0100539	4405	840	2.50151
ACCAGTAAGCGTTCCG	66129	38937	15603	0.588804	0.599276	0.014697	4351	766	2.49548
TTTGCGCTCTGTCAAG	66059	40245	17076	0.609228	0.575699	0.0124705	4595	848	2.35682
TTATGCTGTGTGAAAT	65704	39493	17071	0.601075	0.567746	0.0117356	4666	919	2.31346
GTTAAGCTCCGCGTTT	65015	36256	14991	0.557656	0.586524	0.012913	4161	757	2.41852
AGCATACCAGGGATTG	64918	39053	15550	0.601574	0.601823	0.00965206	4452	823	2.51145
GTATCTTCAATGGTCT	64899	40609	17791	0.625726	0.561895	0.0110777	4698	949	2.28256
CTAACTTTCGGAAATA	64512	40382	17521	0.625961	0.566119	0.0149353	4547	878	2.30478
GAATGAAAGCAGGTCA	64069	44346	17824	0.69216	0.59807	0.0142309	4592	968	2.48799
TGGGCGTAGTCGTACT	64039	42075	16931	0.657022	0.5976	0.0118197	4422	912	2.48509
TTGGCAAGTTAAGGGC	64017	39626	16419	0.618992	0.585651	0.0154878	4790	926	2.41342
ACGCAGCGTAAGCACG	63711	37566	14816	0.589631	0.605601	0.011507	4366	776	2.5355
ATCCGAAGTATGGTTC	63625	41340	16787	0.649745	0.593928	0.0109529	4562	863	2.46262
ATTGGTGTCGTGGGAA	63532	42207	17985	0.664342	0.573886	0.012384	4442	706	2.34679
AGACGTTAGGGCTTGA	63283	43350	17614	0.685018	0.593679	0.00968594	4773	933	2.46111
CGACTTCGTCTAGAGG	62783	40588	17412	0.646481	0.571006	0.0152797	4327	612	2.33104
CTTGGCTCACTTAAGC	62759	35999	14554	0.573607	0.595711	0.0124748	4436	810	2.47348
ATGTGTGGTATGCTTG	62538	39258	16883	0.627746	0.569948	0.0167303	4485	855	2.3253
AGCGGTCCATATACCG	62426	41326	16594	0.662	0.598461	0.0111611	4509	864	2.49042
CGGAGTCGTTAAGGGC	62171	39654	15756	0.637821	0.602663	0.00805221	4190	817	2.51676
TAGCCGGAGAGAACAG	66515	46886	17576	0.704894	0.625133	0.00128724	3140	264	2.66761
CTCGTACTCCCAGGTG	61980	37898	15429	0.611455	0.592881	0.0118646	4209	786	2.45628
CCGGGATAGTCTCAAC	61947	36809	14862	0.594201	0.59624	0.011047	4244	779	2.47672
AAACGGGTCGCCAGCA	61837	39367	16056	0.636625	0.592146	0.0126119	4345	834	2.45186
CTCAGAACAAGAAAGG	61455	41813	17115	0.680384	0.590678	0.017916	4549	923	2.44306
ATCGAGTCACCAGGTC	60942	37690	15262	0.618457	0.595065	0.00998687	4320	829	2.46953
CTCGAGGAGCAATCTC	60857	33044	13888	0.542978	0.579712	0.0140798	4234	677	2.37932
CTCACACTCCCTAACC	60281	36093	14750	0.598746	0.591333	0.011385	4265	838	2.44698
CATCGAATCAGCATGT	60545	39758	16195	0.656669	0.592661	0.0116286	4373	851	2.45496
AGGGAGTCAAGCCCAC	60251	38091	15370	0.632205	0.596493	0.012748	4422	838	2.47827
CACATTTTCCTAGGGC	60183	37230	15497	0.618613	0.58375	0.0123617	4308	804	2.4024
GTACGTATCTGCGTAA	60146	39282	15866	0.653111	0.5961	0.0108931	4322	829	2.47586
CCATTCGAGCTGTTCA	59890	36006	14777	0.601202	0.589596	0.015686	4385	763	2.43662
CCTAAAGCACGAAACG	59803	38740	15516	0.647794	0.599484	0.00941566	4521	900	2.49678
ACGGAGACACGTCTCT	59711	40540	16185	0.678937	0.600765	0.0199815	4455	881	2.50479
TGCACCTTCACGCGGT	59654	39807	16181	0.667298	0.593514	0.0148704	4572	929	2.46011
CGCGTTTCATGTAAGA	59551	38026	15905	0.638545	0.581734	0.00861917	4163	812	2.39082
GCAGTTATCGCGATCG	59087	38863	15940	0.657725	0.589841	0.0125514	4323	800	2.43808
GCATACATCGTATCAG	59016	35873	14258	0.607852	0.602542	0.0175657	4143	755	2.51599
AGCTTGACAAGAGTCG	58834	35579	14457	0.604735	0.593665	0.0195004	4165	743	2.46102
CACACTCAGCCAGAAC	58746	33137	13563	0.564072	0.590699	0.0124398	4178	713	2.44319
GGGAGATCACGGTGTC	58673	37987	14935	0.647436	0.606839	0.0155376	4063	758	2.54349
TTGTAGGGTTAAAGAC	58550	38801	16410	0.662699	0.577073	0.0197495	4401	864	2.36447
CACAGTATCTGTACGA	58249	32717	13297	0.561675	0.593575	0.0101522	4055	685	2.46048
GATTCAGCAGATGGCA	58158	38979	16226	0.670226	0.583725	0.0102564	4299	862	2.40226
AATCGGTAGTTCGCGC	57956	39436	17012	0.680447	0.568618	0.00925546	4269	894	2.31813
TAAGAGAAGAATAGGG	57799	37621	15966	0.650894	0.575609	0.00939976	4281	845	2.35632
ACCGTAAAGTGCGTGA	57754	36300	14534	0.628528	0.599614	0.0197111	4312	785	2.49759
ACGATACTCCGAAGAG	57595	35219	14424	0.611494	0.590448	0.0138395	3978	725	2.44169
TCGTACCGTCTTCGTC	57290	32805	13323	0.572613	0.593873	0.00993101	3844	666	2.46228
CCTATTATCGCTAGCG	57256	32938	14078	0.575276	0.572591	0.0146397	4293	721	2.33968
CATTATCTCTGTTTGT	57032	33632	14625	0.589704	0.565146	0.0130403	4024	740	2.29962
CACAAACCAGCTGGCT	56951	33088	13285	0.580991	0.598495	0.0148017	4048	689	2.49063
CTTTGCGAGATAGGAG	56417	35951	15665	0.637237	0.564268	0.0117028	4239	786	2.29499
AGGTCCGGTCTCCACT	56086	34524	14142	0.615555	0.590372	0.0238052	4014	734	2.44124
CTTTGCGGTTCGTGAT	55679	40385	16921	0.725318	0.581008	0.0329126	4443	909	2.38668
CGCTTCATCCCATTAT	55493	36693	15103	0.661219	0.588396	0.00821247	4250	801	2.42952
TGAGCCGCAGGGTTAG	55343	36776	14780	0.66451	0.598107	0.00792489	4522	881	2.48823
GCGCGATAGAGGGCTT	55335	33012	13326	0.596584	0.596329	0.0107571	4246	760	2.47726
TCTCTAAAGAGCAATT	54988	37051	16087	0.673802	0.565815	0.011624	4233	826	2.30316
CTCCTAGTCTTTAGTC	54877	29887	12666	0.544618	0.576204	0.0167032	4035	726	2.35962
CCTACCACATTTGCTT	54678	38131	15605	0.697374	0.590753	0.0105949	4150	866	2.44351
GTTTCTACACATCCGG	54629	34727	15545	0.635688	0.552366	0.00731274	4243	781	2.23397
TCGGTAAAGAGACTAT	54454	33921	13629	0.622929	0.598213	0.0106027	3981	732	2.48888
GCATGCGCAAAGCGGT	54377	33410	13458	0.614414	0.597186	0.0256211	4010	667	2.48254
GTTACAGAGCGATATA	54040	34089	14249	0.630811	0.582006	0.00872737	4165	765	2.39238
CACCTTGGTTCTCATT	53326	34732	14763	0.651315	0.574945	0.012815	4353	825	2.35264
CAACTAGAGGGCTTGA	52881	35645	14424	0.674061	0.595343	0.00862391	4040	777	2.47123
TCTTCGGTCTCCGGTT	52825	31242	14223	0.591425	0.544747	0.0137223	3715	681	2.19658
GGTGCGTTCTACTATC	52877	35983	14716	0.680504	0.591029	0.0201185	4135	733	2.44516
ACATGGTGTAAACCTC	52777	36121	14668	0.684408	0.59392	0.0235287	4022	766	2.46257
CACACTCTCAGCTCTC	52633	34000	14606	0.645983	0.570412	0.0130731	4483	806	2.32781
TTCTTAGCACATTAGC	52589	28092	12409	0.53418	0.558273	0.0138403	3848	612	2.26384
TCGTACCCACTTCGAA	52413	35828	14715	0.683571	0.589288	0.00833282	4009	771	2.43479
GGAAAGCGTTCAGTAC	52089	33678	13875	0.646547	0.58801	0.0124205	4107	690	2.42724
AGAGTGGGTATATGAG	51991	32852	13759	0.631879	0.581182	0.0124772	3871	706	2.38767
GTACGTAGTCAATGTC	51929	32388	13053	0.623698	0.59698	0.0167041	3775	652	2.48127
GAATGAATCCGAATGT	51651	31609	12835	0.611973	0.593945	0.0142652	3895	653	2.46272
CACCAGGCACGAGGTA	51394	32263	12959	0.627758	0.598332	0.0118069	3886	677	2.48962
TGGCCAGTCACGATGT	51072	34077	13960	0.667234	0.59034	0.0145171	3925	715	2.44105
CGCGGTATCAGTTTGG	50971	33907	13628	0.665221	0.598077	0.0187827	3740	725	2.48804
TACCTATAGATGTTAG	50951	33385	14306	0.655237	0.571484	0.0331271	4036	689	2.33364
GTTCATTGTACGAAAT	50581	28579	12024	0.565015	0.579271	0.00896749	3853	636	2.37683
GTAGGCCAGTGTACCT	50560	36716	14854	0.726187	0.595435	0.0305454	3986	835	2.47179
ATCTACTAGCTAGCCC	50516	27291	11589	0.540245	0.575355	0.0127873	3792	587	2.35491
GGCTGGTGTTTAGCTG	50017	31383	13097	0.627447	0.582672	0.0221535	3864	680	2.3962
AACTCAGAGGCAGTCA	49892	32625	13384	0.653912	0.589762	0.0283229	4153	770	2.43761
GCATGCGTCTCGCATC	49794	29632	12103	0.595092	0.591556	0.0116177	3816	652	2.44832
CCCAGTTTCACCCTCA	49718	32955	13684	0.662838	0.584767	0.0222754	3990	653	2.40829
GCACTCTAGATACACA	49694	34273	14148	0.689681	0.587197	0.0275482	3982	818	2.42246
CTGCCTATCAGGCAAG	49498	27928	11622	0.564225	0.583858	0.00725156	4037	967	2.40303
CCCAGTTAGAGTAATC	49344	33644	13999	0.681826	0.583908	0.0316353	3951	668	2.40331
CAACCAAAGCGATCCC	49160	30866	12336	0.627868	0.600337	0.0112714	3829	660	2.50211
CCAATCCGTTCTGTTT	48800	30459	12194	0.62416	0.599659	0.013235	3780	606	2.49787
TTGACTTAGATGGCGT	48673	31849	13910	0.654346	0.563252	0.0225411	3997	743	2.28965
AAACGGGCACACCGAC	48501	34592	13957	0.713222	0.596525	0.0163511	3870	750	2.47847
TAAGCGTAGCGCCTTG	48492	29405	12106	0.606389	0.588301	0.0149323	3798	617	2.42896
GCACTCTAGTGAAGAG	48145	35295	14255	0.733098	0.596118	0.0239085	3822	719	2.47597
GGACATTCACTAAGTC	48013	34111	13828	0.710453	0.594618	0.0306515	4256	725	2.46681
AGCGGTCCAAGTAGTA	47810	32507	13081	0.679921	0.597594	0.0368642	3987	666	2.48505
CGCGTTTGTAAGTGGC	47778	30732	12574	0.643225	0.59085	0.00988087	3739	687	2.44409
GACACGCAGTACGTAA	47448	34327	13645	0.723466	0.602499	0.0308041	3920	782	2.51572
GTTCGGGCAATGAAAC	47320	30669	12416	0.648119	0.595161	0.0159094	3982	571	2.47012
CTACACCTCTAACCGA	47301	32878	13538	0.69508	0.588235	0.0186827	3834	716	2.42857
CACCACTAGGCGTACA	67566	60895	20198	0.901267	0.668314	0.00832163	330	4	3.0149
TCTGGAACACAGGAGT	47042	31107	12807	0.66126	0.588292	0.0110976	3834	640	2.42891
TTCGGTCAGTGTACGG	46902	28908	11775	0.616349	0.592673	0.0098301	3827	622	2.45503
CCAGCGAAGAATGTTG	46816	30647	12325	0.654627	0.59784	0.0159753	3900	698	2.48657
CTTAGGACAGGCTCAC	46784	28636	11892	0.61209	0.584719	0.013532	3794	599	2.40801
CCTACACAGCACACAG	46737	28593	11525	0.611785	0.596929	0.0119334	3705	606	2.48095
CAGAGAGCAGATAATG	46687	33789	13803	0.723735	0.591494	0.00958166	3900	758	2.44795
CAGGTGCAGACACGAC	70434	65560	21127	0.9308	0.677746	0.00736747	353	4	3.10314
GGAACTTCAATGGAGC	46552	29155	12134	0.626289	0.583811	0.0101003	3766	646	2.40275
CAACCTCTCACGATGT	46455	25040	10222	0.539016	0.591773	0.0145264	3572	868	2.44962
GGAGCAACATGATCCA	46341	28937	11782	0.624436	0.59284	0.0212907	3714	620	2.45603
GACCTGGCATCACGAT	45645	24572	9802	0.538328	0.601091	0.0174302	3429	790	2.50684
TATGCCCTCACAATGC	45373	25833	10634	0.569347	0.588356	0.0136751	3668	894	2.42928
AAACGGGTCGGCGGTT	45059	30752	12586	0.682483	0.590726	0.0106833	3662	670	2.44335
GCTTCCACAATGTTGC	45011	28797	12014	0.639777	0.582804	0.0106415	3817	632	2.39695
AGATTGCTCCTAGTGA	73251	67090	22808	0.915892	0.660039	0.00856904	325	4	2.94151
TCCCGATCATTTGCTT	44968	35872	14828	0.797723	0.586641	0.0167059	4394	843	2.41921
TACTCGCAGCTGGAAC	44873	27443	11420	0.61157	0.583865	0.0128657	3668	602	2.40306
TATTACCGTTCTGAAC	44820	24925	10744	0.556113	0.568947	0.0128178	3742	855	2.3199
CAGAATCTCTAAGCCA	44711	27033	11326	0.604616	0.581031	0.00711283	3543	598	2.38681
TGAAAGAGTGAAGGCT	44660	29789	11671	0.667017	0.608211	0.0117349	3726	604	2.55239
TACTCGCTCCGCGTTT	44515	26861	11795	0.603415	0.560888	0.025693	3794	646	2.27732
CCGTTCACAACTGCTA	44414	30468	12292	0.686	0.59656	0.00944717	3596	644	2.47869
AAGGCAGAGGATGGAA	44411	27403	11158	0.617032	0.592818	0.0164195	3634	596	2.45591
CCACCTACACCAGTTA	44384	29209	11879	0.658098	0.59331	0.00966564	3747	598	2.45888
CACACAAAGTTACCCA	43916	28389	11390	0.646439	0.598788	0.0121536	3577	592	2.49245
CTGATAGTCTATGTGG	53939	50523	17553	0.936669	0.652574	0.0106278	263	5	2.87831
CTAGTGAGTACCAGTT	53850	49985	17290	0.928227	0.654096	0.00873543	305	4	2.89098
GACAGAGCACGTTGGC	43906	29008	11353	0.660684	0.608625	0.0159713	3519	560	2.5551
CACACCTGTGACGGTA	43775	31602	12756	0.721919	0.596355	0.0398351	3558	711	2.47742
TCTTCGGGTCTCACCT	43536	25241	11258	0.579773	0.55398	0.0131647	3786	860	2.24205
CATGCCTGTAAACCTC	43586	30394	12326	0.697334	0.594459	0.032267	3820	696	2.46584
TGTTCCGTCCTCAACC	43468	26760	10878	0.615625	0.593498	0.0110663	3437	569	2.46001
GTGGGTCGTTATGTGC	50645	46549	15949	0.919123	0.657372	0.00800142	333	4	2.91862
TCTATTGAGGCCGAAT	43401	32804	13781	0.755835	0.579899	0.0308988	3812	710	2.38038
CGGACACCATTAACCG	43356	28702	11477	0.662008	0.600132	0.0180002	3707	632	2.50083
CTACGTCAGCCACCTG	43390	26725	10812	0.615925	0.595435	0.0176783	3666	834	2.47179
AGTGGGATCTGGCGTG	43356	30571	12836	0.705116	0.580125	0.0201248	3913	704	2.38166
TATGCCCTCGGTTAAC	43163	28840	11691	0.668165	0.594626	0.00831612	3570	637	2.46685
GTAACGTCAAACCCAT	43125	28718	11832	0.665925	0.587994	0.00906353	3667	635	2.42715
AACTCAGGTGAGGGAG	43016	28082	11988	0.652827	0.573107	0.0175702	3557	610	2.34251
CAGAGAGTCCCGACTT	42818	25668	10293	0.599468	0.598995	0.0163744	3435	765	2.49373
TAGACCAGTTGATTCG	42785	28234	11800	0.659904	0.582064	0.0127422	3767	630	2.39271
GTGGGTCGTTATGCGT	42758	32188	13126	0.752795	0.592208	0.0409331	4009	754	2.45223
AGCATACAGAAGCCCA	42568	21021	8392	0.493822	0.60078	0.020048	3220	647	2.50489
TACGGGCCATTTGCCC	42669	24976	10544	0.585343	0.577835	0.0160256	3519	772	2.36874
ACTATCTCAGTAAGCG	50147	46457	16225	0.926416	0.650752	0.00742109	340	4	2.8633
TTCTACAGTTAAGTAG	42388	26552	11550	0.626404	0.565005	0.0117707	3746	632	2.29887
GTGAAGGAGGGCTTGA	42360	25704	10402	0.606799	0.595316	0.015803	3343	554	2.47106
GAAACTCTCGCAAGCC	42355	26512	10876	0.625947	0.589771	0.0120655	3468	531	2.43766
CGTCACTGTATAGTAG	41602	24720	10006	0.594202	0.595227	0.0144802	3404	760	2.47052
CATCCACCAGCTGTAT	42289	26587	10988	0.628698	0.586715	0.0138566	3607	593	2.41964
TCTTCGGCAAGTCTGT	41518	29099	12720	0.700877	0.562872	0.0087534	3828	681	2.28766
GCAGCCAAGCGTGTCC	41393	29617	12116	0.715507	0.590911	0.0145206	3725	721	2.44445
CCTATTACACCAGGCT	41339	27872	11700	0.67423	0.580224	0.0132748	3530	629	2.38222
AAAGATGAGGCTCAGA	41329	26099	10908	0.631494	0.582053	0.0120933	3553	578	2.39265
ACTGAGTCAATCACAC	41271	21832	9115	0.528991	0.582494	0.0165199	3344	703	2.39517
TCTTCGGGTATGAATG	40912	28481	12762	0.696153	0.551912	0.0142174	3726	689	2.2317
TAGAGCTCATGTAAGA	40900	27474	11475	0.671736	0.582332	0.0174277	3503	625	2.39425
CCCAGTTCAATCGGTT	40743	29838	12485	0.732347	0.581574	0.0203477	3525	700	2.38991
CAAGTTGAGTGAATTG	40341	28407	11749	0.704172	0.586405	0.0105896	3478	632	2.41782
CGGAGCTTCATGCATG	40149	24688	10005	0.614909	0.594742	0.019207	3452	775	2.46757
TAGAGCTGTTAGATGA	40131	24017	9938	0.598465	0.58621	0.0105108	3216	531	2.41668
GTATTCTGTTGTGGAG	40129	27483	12015	0.684866	0.562821	0.0142602	3720	636	2.28739
CGGACTGCAATCCAAC	40026	27788	11206	0.694249	0.596732	0.0114131	3647	676	2.47974
TTGCGTCCATCAGTAC	39985	22202	9316	0.555258	0.580398	0.0135035	3349	693	2.38321
CGTGTCTTCGCTGATA	39990	27066	12307	0.676819	0.545297	0.0251933	3877	649	2.19924
ACTTTCAAGCTACCGC	39980	25866	11046	0.646973	0.572953	0.0101218	3510	596	2.34166
ACACTGACAAACCTAC	39793	18275	7603	0.459252	0.583967	0.0138756	3062	599	2.40366
GTTCTCGAGTCACGCC	39814	27008	11643	0.678354	0.568906	0.0134904	3736	631	2.31968
GGACGTCCACTTCGAA	39670	26041	10300	0.656441	0.60447	0.0145842	3321	535	2.52825
GCAAACTTCTAGAGTC	39551	25659	10271	0.648757	0.599712	0.0167777	3420	535	2.4982
GACGGCTCATCTCGCT	39651	27334	10790	0.689365	0.605254	0.0408167	3306	544	2.53327
GAAACTCTCCGTCATC	39497	25668	10449	0.649872	0.592917	0.0128001	3363	547	2.4565
TCACGAACATTGAGCT	39377	26998	10829	0.685629	0.598896	0.0277452	3454	548	2.49312
GTGCAGCAGACGACGT	39287	24900	9699	0.633797	0.610482	0.00976855	3152	502	2.56727
TGGCTGGAGTTAACGA	39192	28153	11488	0.718335	0.591944	0.0434625	3304	599	2.45064
CTGAAACAGACTTGAA	47387	44465	15083	0.938338	0.660789	0.0123168	205	4	2.94802
CCATGTCAGAAGGGTA	39027	25916	10422	0.664053	0.597855	0.0109782	3331	553	2.48666
CCGGTAGCACCTTGTC	38850	25595	10357	0.658816	0.595351	0.0112658	3196	536	2.47128
CAGCAGCGTTCTCATT	38670	23264	9427	0.601603	0.594782	0.0210668	3156	724	2.46781
GCAATCACACACCGCA	38774	24930	9819	0.642957	0.606137	0.0165102	3253	475	2.53896
GTCTCGTAGAGTTGGC	38654	26805	11316	0.69346	0.57784	0.0105089	3308	589	2.36877
TACGGTATCCCTTGTG	38646	25865	10416	0.66928	0.597294	0.0100815	3358	568	2.4832
GGATTACTCCGGGTGT	38494	25286	10243	0.656882	0.594914	0.012784	3456	799	2.46861
CTGTTTAAGTGGTCCC	45341	40866	15575	0.901303	0.618876	0.00305485	866	13	2.62382
CGCCAAGGTCCATGAT	38406	26032	10352	0.677811	0.602336	0.0379097	3290	517	2.51468
TACCTATTCATGCATG	38327	22406	9356	0.584601	0.582433	0.0137757	3281	749	2.39483
AGCGGTCTCCGTCATC	38297	23031	9765	0.601379	0.576006	0.022017	3520	795	2.35853
CGCGTTTCAGACAAGC	38239	23667	9771	0.618923	0.587147	0.0157737	3350	747	2.42217
AAGCCGCAGACCACGA	38290	25144	9886	0.656673	0.606825	0.0129834	3258	498	2.54339
ACATACGGTCCAGTGC	38239	25491	10145	0.666623	0.602016	0.0123832	3251	540	2.51267
ACGGAGAAGGCAGGTT	38228	24748	9925	0.647379	0.598957	0.0161397	3362	768	2.4935
ACGTCAAGTGCTGTAT	38193	26352	10931	0.689969	0.585193	0.0326312	3602	574	2.41076
GATCGTACATGTAGTC	38161	24272	9838	0.636042	0.594677	0.0141567	3326	764	2.46717
CGCGTTTCATGGTCTA	38019	25371	10518	0.667324	0.585432	0.0151199	3410	581	2.41215
CCCATACAGATGTTAG	37951	25013	10193	0.659087	0.592492	0.0136274	3432	816	2.45394
CATCGGGGTTAAAGAC	37938	26607	11057	0.701328	0.584433	0.0217836	3504	603	2.40635
AGGTCCGCACATAACC	37885	24167	9911	0.637904	0.589895	0.0151829	3283	517	2.4384
CGACTTCAGTACGACG	37896	26380	10521	0.696116	0.601175	0.0187559	3141	479	2.50737
TATCAGGTCGCATGAT	37884	26382	11065	0.696389	0.580585	0.0421299	3283	615	2.38427
GGGCACTGTTACAGAA	37825	25070	10096	0.662789	0.597288	0.0159142	3242	493	2.48316
CCGGTAGCATGGTCTA	37791	22462	9015	0.594374	0.598656	0.0429542	3372	676	2.49163
GGACAGAAGATGTGTA	37745	20617	8519	0.546218	0.586797	0.0119717	3041	626	2.42012
GTAACGTGTTACGACT	37492	25538	10493	0.681159	0.589122	0.0218552	3665	926	2.43381
ATGGGAGAGACAAAGG	37711	25901	10702	0.686829	0.586811	0.0145066	3403	573	2.4202
ACATACGAGTCCTCCT	37467	24065	9610	0.642299	0.600665	0.0179967	3276	746	2.50416
CTCGAGGGTTCACGGC	37395	25029	10216	0.669314	0.591833	0.0124372	3291	540	2.44998
ACGGGCTAGGACTGGT	37343	26925	10918	0.721019	0.594503	0.0350178	3543	633	2.46611
CGTAGGCAGAGTAATC	45868	43272	14985	0.943403	0.653702	0.0117743	235	4	2.88769
CGACCTTCATCCCACT	37314	23686	9820	0.634775	0.585409	0.0129277	3471	736	2.41202
TACTTGTCAGCATGAG	37288	21858	9273	0.586194	0.575762	0.0181971	3333	740	2.35717
TAAGCGTCAGATGAGC	37224	23521	10157	0.631877	0.568173	0.0169222	3372	523	2.31574
GTAGGCCGTCGGCACT	37207	24974	10043	0.671218	0.597862	0.012503	3292	505	2.48671
TTCTTAGCAAACGTGG	37198	24551	10574	0.660009	0.569305	0.0109593	3549	856	2.32183
CGGAGCTAGTAGATGT	37134	24715	9858	0.665563	0.601133	0.0115677	3305	714	2.5071
AAGTCTGAGTGTACGG	37093	25944	11206	0.699431	0.56807	0.0398542	3749	905	2.31519
GAACATCTCTTCCTTC	37058	22346	9313	0.603001	0.583236	0.0125568	3270	715	2.39944
CGGAGTCAGAACAACT	37074	22701	8854	0.612316	0.609973	0.0189637	3092	618	2.56393
TTCTACAAGGAGTACC	36960	22621	9548	0.61204	0.577914	0.0168146	3380	732	2.36919
AAGGTTCTCACAACGT	36865	25910	10858	0.702835	0.580934	0.0210227	3562	562	2.38626
GTCCTCATCCTGCCAT	36793	20631	8795	0.560732	0.5737	0.0143684	3291	709	2.34576
CCATTCGTCTGTCTAT	36585	22649	9485	0.619079	0.581218	0.0150714	3244	747	2.38788
CTCGTCAGTTGTACAC	36532	22461	9388	0.614831	0.582031	0.0311105	3469	690	2.39252
CTAACTTGTCCAACTA	36462	22076	9096	0.605452	0.587969	0.0151005	3239	742	2.427
GCGAGAATCTCCGGTT	36433	26839	10723	0.736667	0.600469	0.0400716	3521	656	2.50294
CATTATCCACCATCCT	36234	17998	7385	0.496716	0.589677	0.0106491	3055	573	2.4371
GTCACAAAGTTAGGTA	36195	23136	9585	0.639204	0.585711	0.0103348	3213	701	2.41377
AGGGAGTGTTAAAGTG	36228	23710	9703	0.654466	0.590763	0.0124777	3174	497	2.44357
CACAAACAGTCAATAG	36173	16861	6805	0.466121	0.596406	0.00907943	2839	460	2.47774
CGGAGCTGTTTGGGCC	36166	23374	9508	0.646298	0.593223	0.0160362	3090	465	2.45835
GCATGTATCTGTGCAA	36103	23776	9686	0.65856	0.592614	0.0103875	3249	785	2.45468
GAGCAGAAGATATACG	36085	27383	11087	0.758847	0.595114	0.0206817	3420	599	2.46983
GATGAGGTCAGTACGT	35925	23916	9607	0.66572	0.598302	0.0125073	3148	481	2.48943
ACATACGGTCTGGAGA	35744	23137	9373	0.647297	0.594891	0.0129788	3242	754	2.46847
CGATCGGCAGCTGCTG	35838	22575	9863	0.629918	0.563101	0.0265909	3435	784	2.28886
ATTTCTGCAAGTCATC	35653	20555	9666	0.576529	0.529749	0.0190519	3475	756	2.12653
CTCTACGTCCCGACTT	35628	22644	9180	0.635568	0.594595	0.0164902	3166	686	2.46667
GGTGAAGGTCTGGTCG	35528	26030	10309	0.732662	0.603957	0.0349051	3516	891	2.52498
TCTCTAAAGACCACGA	35515	20792	8667	0.585443	0.583157	0.0202208	3199	663	2.39898
AAACCTGGTCTCGTTC	35479	22124	9486	0.62358	0.571235	0.0119015	3280	749	2.33228
CACCTTGGTCAGATAA	35652	24510	9875	0.687479	0.597103	0.00285661	2720	314	2.48203
TAGTTGGTCACAAACC	35360	22033	9089	0.623105	0.587482	0.0145217	3277	741	2.42414
TGTGGTACAGTATAAG	35277	23548	9454	0.667517	0.598522	0.0343119	3209	750	2.4908
AGTCTTTAGATCACGG	35346	23083	9931	0.653058	0.56977	0.0103992	3252	527	2.32434
ACGGCCAAGCGTTGCC	35250	24248	9937	0.687887	0.590193	0.0138163	3104	516	2.44017
TTATGCTGTCGACTGC	35228	22743	9540	0.645594	0.58053	0.0148307	3252	730	2.38396
CTTAGGACAGTCTTCC	35158	22407	9234	0.637323	0.587897	0.0113072	3142	679	2.42658
GTAACGTAGCCCGAAA	35155	24556	10074	0.698507	0.589754	0.0419647	3449	875	2.43756
CGCTGGAAGCCACCTG	35117	23452	9382	0.667825	0.599949	0.0115948	3304	722	2.49968
ATCATGGCAATAAGCA	35111	20988	8619	0.597761	0.589337	0.0155817	2990	647	2.43509
ACCAGTACAGACGCTC	35039	22613	9038	0.645367	0.600318	0.0110988	3120	727	2.50199
AGTGTCATCTAACTCT	35034	22220	9190	0.634241	0.586409	0.0145359	3243	725	2.41785
TTGCGTCCAATCACAC	35031	20911	8914	0.596928	0.573717	0.0205675	3118	661	2.34586
TTAGGACCAATAGCGG	34948	22598	9367	0.646618	0.585494	0.0196177	3003	446	2.41251
CTTTGCGTCCCTAACC	34927	23243	9727	0.665474	0.581508	0.0133411	3423	767	2.38953
AGCTCCTCATATGGTC	34851	22408	9252	0.642966	0.587112	0.0127722	3250	718	2.42196
TTTGTCACATCGGTTA	34895	24575	10554	0.704256	0.570539	0.0180645	3489	602	2.3285
AACACGTGTTTGACTG	34791	23375	9720	0.671869	0.584171	0.0169843	3511	834	2.40484
AGTGGGAGTATCGCAT	34723	19943	8220	0.574346	0.587825	0.0150167	2881	620	2.42616
CCATTCGCATGTTCCC	34715	21201	8686	0.610716	0.590302	0.0126745	3087	633	2.44082
AGAATAGCAAGTCTAC	34712	22530	9279	0.649055	0.588149	0.0142986	3135	701	2.42806
CATGACATCTTAGCCC	34635	23455	9515	0.677205	0.59433	0.0132384	3630	798	2.46506
GCGGGTTAGCTAGTTC	34526	22300	9069	0.64589	0.593318	0.0117051	3127	706	2.45893
CTGAAACTCTGTACGA	34290	21490	8696	0.626713	0.595347	0.013704	3157	701	2.47125
GCATGATCAATGGACG	34245	23182	9646	0.676946	0.583901	0.0233299	3256	772	2.40328
CGGTTAAGTATGAAAC	34243	23540	9326	0.68744	0.603823	0.0371779	3484	796	2.52413
AGAGCTTTCCCAGGTG	34131	22443	9592	0.657555	0.572606	0.0118674	3145	505	2.33976
TTAACTCAGGCGACAT	34110	22820	9572	0.669012	0.580543	0.0136005	3128	489	2.38404
TTCTCCTAGTTATCGC	34104	17963	8221	0.526712	0.542337	0.0160865	3025	633	2.18501
AAGCCGCAGCTATGCT	34078	21932	8867	0.643582	0.595705	0.0143113	3116	699	2.47344
CGACCTTAGTTAGCGG	33999	22393	9243	0.658637	0.587237	0.0229285	3228	690	2.4227
GGAACTTTCAACACGT	34057	24321	9904	0.714126	0.59278	0.0295057	3024	563	2.45567
GACCAATTCGCCAGCA	33998	18615	7592	0.547532	0.592157	0.0146204	2869	559	2.45192
CAAGAAATCACTTCAT	33978	22870	9338	0.673083	0.591692	0.0287611	2925	412	2.44913
GACGGCTAGTATTGGA	33954	22735	9012	0.669582	0.603607	0.0163293	3050	651	2.52275
ACGATGTGTACATCCA	33944	24238	9877	0.714058	0.592499	0.0413165	3367	798	2.45398
CATGGCGAGTGTCCCG	33926	23064	9264	0.679833	0.598335	0.0117577	3102	716	2.48964
TAGCCGGGTGACCAAG	33677	16653	7021	0.494492	0.578394	0.0182481	2768	511	2.37188
CCCAATCTCAACGGGA	33645	22216	8875	0.660306	0.600513	0.039514	3303	732	2.50321
GTAACGTGTCATCGGC	33626	21871	8927	0.650419	0.591834	0.0133253	3161	663	2.44998
GCAGCCATCCAAACTG	33589	17318	7026	0.515585	0.594295	0.010843	2842	528	2.46484
CTTCTCTTCTGTCCGT	33532	20412	9156	0.608732	0.55144	0.0130924	3288	697	2.22936
CTTAACTGTCGGATCC	33457	21113	8714	0.631049	0.587269	0.0147029	3103	687	2.42288
ACTTTCAAGTGACTCT	33453	19868	8734	0.593908	0.560399	0.0201781	3114	664	2.27479
CACAGGCGTTCGTTGA	33362	21148	8705	0.633895	0.588377	0.0144928	3178	667	2.42941
ATTTCTGAGACACTAA	33346	21346	9925	0.640137	0.535042	0.0108001	3202	530	2.15073
CTACCCATCATGTCCC	33356	17707	7333	0.530849	0.58587	0.0111458	2873	530	2.4147
CTCACACCATATGCTG	33300	16359	6769	0.491261	0.586222	0.0143023	2784	554	2.41675
CAACTAGTCGGAATCT	33277	21632	8751	0.650059	0.59546	0.0231505	3287	732	2.47195
ATCCGAACACAGGCCT	33288	20794	8495	0.62467	0.591469	0.0151801	3058	645	2.44779
GGTGAAGGTCAGAAGC	33247	24581	9756	0.739345	0.603108	0.0141969	3288	817	2.51958
CGGTTAAAGTGTACTC	33211	22532	8824	0.67845	0.608379	0.0164189	3129	714	2.55349
AAGACCTAGCACACAG	33223	22303	9010	0.671312	0.596018	0.0193935	2980	460	2.47536
TCGAGGCCACAGACAG	33193	20651	8485	0.622149	0.589124	0.0121758	3125	646	2.43382
GTAGTCACACACTGCG	33170	22200	8986	0.669279	0.595225	0.012024	3101	704	2.47051
CACAGGCCACCGATAT	33121	23368	9495	0.705534	0.593675	0.0336654	3205	666	2.46108
TATCAGGAGTGTACCT	32987	21281	9074	0.645133	0.57361	0.028966	3013	465	2.34527
GCGGGTTAGCGATAGC	32991	20863	8278	0.632385	0.603221	0.0221273	3017	610	2.52029
TGCTGCTGTCCGAGTC	32970	15890	6524	0.481953	0.589427	0.0103222	2886	494	2.43562
CCTTACGCACCTCGTT	32905	19054	7708	0.579061	0.595466	0.0157206	2936	561	2.47198
AGCGTCGCAGCTTCGG	32946	22416	10998	0.680386	0.509368	0.0193651	3442	524	2.03819
GAATAAGTCCCATTAT	32903	16296	6802	0.495274	0.582597	0.0183183	2526	479	2.39577
TGTGTTTAGTAGCCGA	32744	18791	7654	0.573876	0.592677	0.0195733	3059	610	2.45506
TTCCCAGTCTGGTATG	32775	16708	7228	0.509779	0.567393	0.0144538	2874	525	2.31157
GGTATTGAGGGCTCTC	32718	18540	7671	0.566661	0.586246	0.0222004	3031	576	2.41689
AAGTCTGGTGCACCAC	32679	20993	9040	0.6424	0.56938	0.0146613	3317	695	2.32223
AGCGTCGTCCTTCAAT	32662	21565	13016	0.660247	0.396429	0.0209058	3837	634	1.65681
GTGGGTCCAACTGGCC	32600	20174	8241	0.618834	0.591504	0.0160012	2944	637	2.448
CCTAAAGAGGGCTTCC	32586	20160	8187	0.618671	0.593899	0.0134568	2997	644	2.46244
GCTCTGTCACTCAGGC	32575	20189	8378	0.61977	0.585022	0.0167965	3023	630	2.40976
GCTTGAAGTAGCGTGA	32463	20677	8435	0.636941	0.592059	0.0137798	2986	636	2.45133
GGGATGAGTCCATCCT	32444	23614	9723	0.727839	0.588253	0.0309754	3203	521	2.42867
CCTTACGAGTAGCCGA	32437	23976	9780	0.739156	0.592092	0.0278325	3284	834	2.45153
GACTACAGTCGGCACT	32432	22550	9027	0.695301	0.59969	0.0327393	2997	420	2.49806
AGCCTAAGTACTCAAC	32426	21320	8625	0.657497	0.59545	0.0186845	3119	724	2.47188
ATTGGTGCACCCTATC	32376	21031	9023	0.649586	0.570967	0.0160723	3208	706	2.33082
CGAATGTTCAGGTAAA	32357	22794	9038	0.704453	0.603492	0.0148174	3128	710	2.52202
TGCCCTATCGTCGTTC	32268	18203	7590	0.564119	0.583036	0.0218965	3068	592	2.39829
GTGCTTCAGTCGCCGT	32236	21152	8853	0.656161	0.581458	0.0123962	3052	655	2.38925
AGGTCATGTGTATGGG	32230	22475	9586	0.697332	0.573482	0.0270499	3139	531	2.34456
ACTGATGCAGTAAGCG	32191	24055	9840	0.747259	0.590937	0.0424418	3011	557	2.44461
GCCAAATGTCTCTCTG	32183	20813	8471	0.646708	0.592995	0.0239107	3028	628	2.45697
GTACTTTAGTTCCACA	32106	20592	8866	0.641375	0.569444	0.0323955	3110	623	2.32258
AGCAGCCGTTGGACCC	32082	20596	8276	0.64198	0.598174	0.0131362	2906	626	2.48864
ATCTGCCTCTTAGAGC	31999	19895	8410	0.621738	0.577281	0.037221	2973	615	2.36564
GAGGTGATCTGCTGCT	31917	20926	8393	0.655638	0.59892	0.0114718	2940	653	2.49327
GCTGCTTCAATCCGAT	31944	19981	8358	0.625501	0.581703	0.0141069	3054	659	2.39064
GTTCGGGGTGCGAAAC	31912	19653	8039	0.61585	0.590953	0.023532	2945	624	2.44471
TGTATTCAGTGTGGCA	31908	19206	7916	0.601918	0.587837	0.0238845	3001	619	2.42623
GCATGCGAGCTAACTC	31799	22495	9051	0.707412	0.597644	0.0368124	2927	446	2.48536
TGGCTGGAGTCCATAC	31793	22518	9092	0.708269	0.596234	0.0416701	3117	674	2.47668
TGGCCAGCAGGTTTCA	31728	17314	7073	0.545701	0.591487	0.0158463	2843	506	2.4479
GGGTCTGTCGGCATCG	31613	22362	9201	0.707367	0.588543	0.0334796	3123	664	2.43039
CCTATTAAGTTAGCGG	31703	19375	8325	0.611141	0.570323	0.014609	3099	686	2.32733
GTAACGTAGTACGTAA	31612	20136	8254	0.636973	0.590087	0.0182457	2882	648	2.43954
CGATTGAGTAGAAGGA	31608	21498	8778	0.680144	0.591683	0.0200948	2947	661	2.44908
GACACGCTCTTGCATT	31486	16614	6710	0.527663	0.596124	0.0124814	2800	502	2.47601
GGAGCAAGTTCATGGT	31513	22525	9152	0.714784	0.593696	0.0323999	3005	440	2.46121
GCACTCTAGTGCCAGA	31404	20870	8671	0.664565	0.584523	0.01433	3074	699	2.40687
TGACGGCCATACCATG	31375	18173	7477	0.579219	0.588565	0.0307842	2962	556	2.43052
AGGCCACAGGCTAGGT	31301	20655	8507	0.659883	0.588138	0.0131911	3042	648	2.428
CTGTGCTCAAACCTAC	31247	18801	7602	0.60169	0.59566	0.016262	2785	579	2.47316
AGCAGCCGTCTCTCTG	31158	18309	7240	0.587618	0.604566	0.0156843	2851	563	2.52887
CGCGTTTAGGCAGTCA	31142	19491	8030	0.625875	0.588015	0.0131026	3019	658	2.42727
ACATGGTCAATCCAAC	31135	16453	6817	0.528441	0.585668	0.0144301	2812	532	2.41353
CGTCTACAGCTTATCG	31073	20205	8180	0.650243	0.59515	0.0271351	3045	619	2.47005
CAACCTCAGCTACCGC	31051	19492	7873	0.627741	0.596091	0.0179357	2869	598	2.4758
TCTCTAATCGGCGGTT	31065	19937	8618	0.641783	0.567738	0.0151792	2960	636	2.31341
TACCTTACAAGAAAGG	31050	21679	9143	0.698196	0.578255	0.0300924	3069	738	2.3711
TCAGCAATCGGCTACG	31042	18663	7626	0.601218	0.591384	0.0289601	2743	559	2.44729
CTTACCGTCTGCAGTA	31022	19833	8314	0.63932	0.5808	0.0433332	2907	623	2.38549
GACACGCCATCGACGC	31003	19976	7939	0.644325	0.602573	0.0188434	2967	635	2.51619
GCATGCGCATGACGGA	30967	20847	8514	0.673201	0.591596	0.0120775	2913	649	2.44856
TGAGCCGCACACCGCA	30958	19228	7822	0.6211	0.593197	0.0269483	2817	561	2.45819
GTATTCTAGGTTCCTA	30899	18556	8097	0.600537	0.563645	0.0201418	3000	635	2.29171
GATGAGGCATAAGACA	30814	20020	7957	0.649705	0.602547	0.020316	2881	661	2.51602
GGCGACTCAAAGTGCG	30812	19317	7777	0.626931	0.597401	0.0168584	2779	601	2.48386
ATCATCTGTATCGCAT	30788	20020	8375	0.650253	0.581668	0.0155189	3251	642	2.39045
ATCTGCCAGCCACGCT	30732	22146	8958	0.720617	0.595503	0.0323552	2688	497	2.4722
ACAGCTAAGCGTCTAT	30677	19586	8102	0.638459	0.586337	0.0162984	2926	629	2.41743
ACGCCAGTCTCCAACC	30570	20389	8270	0.666961	0.594389	0.0249761	2692	444	2.46542
ATCTGCCAGTGGGCTA	30348	18492	7642	0.609332	0.58674	0.0185738	2780	575	2.41979
AACGTTGGTACGCACC	30255	20580	8088	0.680218	0.606997	0.0407005	2760	604	2.54451
CCTACCATCTTACCGC	30231	20075	8329	0.664053	0.585106	0.027182	2933	679	2.41025
CGGAGTCTCCAAGCCG	30217	18917	7741	0.626038	0.590791	0.0136562	2780	590	2.44374
GGTGCGTAGATCTGAA	30183	16715	6953	0.553789	0.584026	0.0160328	2677	510	2.404
CGTGTCTTCCTAAGTG	30208	19771	8958	0.654495	0.546912	0.015737	3114	672	2.20708
GCTGCTTAGAGAACAG	30083	19856	8205	0.660041	0.586775	0.0157996	3186	659	2.41999
TACCTTAGTCCTCTTG	30078	21463	9119	0.713578	0.575129	0.0162347	3446	739	2.35366
CATCGAACAACGATGG	30078	21036	8597	0.699382	0.59132	0.0185996	3021	609	2.4469
CCATGTCCACATTCGA	29919	19873	8108	0.664227	0.592009	0.0265592	2937	643	2.45104
TTGAACGGTATAGTAG	29879	18599	7732	0.622477	0.584279	0.0402218	2786	571	2.40546
ACAGCTAAGGGCTTGA	29864	19952	8151	0.668095	0.59147	0.013293	2852	630	2.4478
GTAACTGCAAAGGAAG	29765	20910	8639	0.702503	0.586848	0.0371464	2802	435	2.42042
AACTCAGCATACAGCT	29751	19699	8021	0.662129	0.592822	0.0145989	2986	620	2.45593
AAACGGGTCGCGTTTC	29642	19362	7989	0.653195	0.587388	0.0133568	2961	609	2.42358
TACTTGTGTAGCCTCG	29607	19210	8038	0.648833	0.581572	0.0151736	2879	641	2.3899
AACCATGCAAGCCGTC	29594	18562	7373	0.627222	0.602791	0.015191	2979	572	2.51756
TTCTCCTAGATAGGAG	29584	17494	7952	0.591333	0.545444	0.0457856	3047	565	2.19995
CTCGTCACAGCTCGAC	29549	20382	8540	0.68977	0.581003	0.0416667	2928	687	2.38665
TCATTACGTAAATGTG	29540	15691	6642	0.531178	0.5767	0.0196291	2707	500	2.36239
CTGTTTAGTACCGCTG	29506	19006	8034	0.64414	0.577291	0.0152838	3021	628	2.3657
GATGAGGGTCAGTGGA	29456	19433	8014	0.65973	0.587609	0.0187719	2685	567	2.42488
TGTATTCTCGGAAACG	29393	20174	8223	0.686354	0.592396	0.0192766	3047	618	2.45336
GGAATAAGTCAACATC	29327	18910	7623	0.644798	0.59688	0.0127317	2935	622	2.48065
GGGAATGTCACAATGC	29309	19019	7706	0.648913	0.594826	0.0165378	2842	593	2.46808
GAATAAGGTCCAGTTA	29245	16512	6795	0.564609	0.588481	0.0174918	2539	480	2.43002
TAGGCATCACTGTGTA	29227	18921	7625	0.647381	0.597009	0.0148024	2714	580	2.48144
TGGGCGTTCACAGGCC	29207	16442	6835	0.562947	0.584296	0.020509	2873	549	2.40556
ACACTGATCTGGTATG	29147	18473	7690	0.633787	0.583717	0.0150232	2995	660	2.40221
TACGGTAGTACACCGC	29141	20104	8092	0.689887	0.597493	0.0142648	3083	626	2.48443
CTGAAGTTCACTCTTA	29140	19723	8168	0.676836	0.585864	0.0112266	3096	646	2.41467
AGACGTTGTCATATGC	29114	20698	8458	0.710929	0.591361	0.0323912	3072	672	2.44715
GCCAAATGTAGGACAC	29110	17586	6953	0.604122	0.604629	0.0128502	2719	536	2.52927
TGGCCAGTCCAGTAGT	29096	17139	7223	0.58905	0.578564	0.0247621	2832	551	2.37284
ACGGAGAAGGGCTTCC	29095	18124	7219	0.622925	0.601688	0.0466308	2716	506	2.5106
ACATCAGGTGCCTTGG	29015	18307	7641	0.63095	0.582619	0.0171852	3270	663	2.39589
ATTGGACGTCCGTCAG	28959	20912	8847	0.722124	0.576941	0.0452852	3151	782	2.36374
TATTACCCATCTACGA	28948	17995	7592	0.621632	0.578105	0.0161349	3020	598	2.37026
GAACCTAAGGACAGCT	28924	18898	7785	0.653367	0.588052	0.0188323	2914	595	2.42749
CGGAGTCAGAGACTTA	28701	18147	7142	0.632278	0.606436	0.0176675	2751	555	2.54088
TCAGGTACATCCGTGG	28904	18787	7649	0.649979	0.592857	0.0149085	3001	617	2.45614
GATCTAGTCGACGGAA	28683	17927	7352	0.625004	0.589892	0.0140129	2836	582	2.43838
CCGTTCAAGTGTGGCA	28675	19070	7882	0.665039	0.586681	0.015102	2873	602	2.41944
CACAAACTCTAACTTC	28659	17454	6950	0.609023	0.60181	0.0139287	2776	559	2.51137
TTCTCAAAGTACACCT	28621	17340	7631	0.605849	0.559919	0.015184	2939	593	2.27231
ATAAGAGCATCTATGG	28618	18836	8522	0.658187	0.547568	0.0126144	3087	681	2.21028
CCCAGTTCATCCGCGA	28547	16831	7021	0.589589	0.582853	0.0121088	2672	525	2.39724
ACATGGTCAGGACGTA	28563	18276	7555	0.639849	0.586616	0.0174178	2728	551	2.41906
ATAGACCCAATCAGAA	28526	18249	7309	0.639732	0.599485	0.0131445	3022	594	2.49678
GACAGAGAGGTGTGGT	28506	15084	6198	0.529152	0.589101	0.0205125	2540	455	2.43369
TTGAACGGTAAAGTCA	28501	18792	7770	0.659345	0.586526	0.0146562	2897	637	2.41853
GTCACGGGTCCGTTAA	28480	15947	6615	0.559937	0.585188	0.0257303	2735	515	2.41073
ACATCAGTCATGTAGC	28474	16252	7136	0.570766	0.560916	0.0163918	2885	567	2.27747
GGGAATGTCAGCTTAG	28464	20355	8178	0.715114	0.598231	0.0185834	2803	642	2.48899
GTTCATTAGCGTAATA	28439	16355	6957	0.575091	0.574625	0.012494	2639	521	2.35087
CCTACACAGATGTGTA	28437	18292	7545	0.643246	0.587525	0.019706	2902	610	2.42439
TCAGCTCCACAGACTT	28409	19382	8031	0.682249	0.585646	0.0239099	2896	627	2.4134
AACCGCGAGTCGAGTG	28385	18047	7367	0.635794	0.591788	0.0332957	2405	386	2.44971
GCGCAGTGTAGCACGA	28360	19032	8629	0.671086	0.546606	0.0153302	2947	667	2.20559
CTAAGACAGGATTCGG	28350	19036	7920	0.671464	0.583946	0.023279	2770	647	2.40354
TAGAGCTTCTTGTATC	28341	20034	8814	0.706891	0.560048	0.0119382	3210	694	2.27297
CCCAATCGTATATGAG	28314	19419	7925	0.685844	0.591895	0.0493813	2767	585	2.45035
CTGTGCTCAGCTTCGG	28243	17666	7231	0.6255	0.590683	0.0215906	2772	573	2.44309
TGCGCAGCACCTATCC	28256	18232	7441	0.645243	0.591871	0.0222711	2882	601	2.45021
GTTCGGGAGGAGTAGA	28224	19056	7608	0.67517	0.600756	0.0183332	2806	593	2.50473
CAGTAACGTAGCGTGA	28148	16985	6736	0.603418	0.603415	0.0222696	2725	531	2.52153
AAAGTAGGTTGGACCC	28133	17933	7463	0.637436	0.58384	0.00822692	2716	557	2.40292
TGGCGCACATGCATGT	28093	16690	6778	0.594098	0.593889	0.0153171	2634	516	2.46238
GTCTTCGAGCTCCCAG	28075	15779	6725	0.56203	0.573801	0.0143837	2783	546	2.34632
GAACATCTCGCGATCG	28044	12246	5232	0.436671	0.572758	0.0118911	2328	366	2.3406
ACGATACCAAGCGATG	28002	17890	7196	0.638883	0.597764	0.0186876	2842	547	2.4861
CGTCACTGTCCCTACT	27989	16440	6633	0.587374	0.596533	0.015428	2654	495	2.47852
CTGAAACCAAGCCTAT	27963	17793	7130	0.636305	0.599281	0.0152013	2665	513	2.49551
CAGCTGGTCTTGTTTG	27962	14486	5879	0.51806	0.59416	0.0146189	2298	424	2.46402
CAAGAAAGTTTAAGCC	27949	14433	6012	0.516405	0.583455	0.0136059	2569	439	2.4007
CTAGTGACAGTTCCCT	27912	17285	7117	0.619268	0.588256	0.0157105	2716	553	2.42869
AAAGTAGGTACAGACG	27900	15152	6397	0.543082	0.577812	0.0125365	2278	406	2.36861
ACTTTCATCCTTGGTC	27863	14721	6706	0.528335	0.54446	0.0138607	2673	501	2.1952
GTACGTACAGGCTCAC	27846	15993	6469	0.574337	0.595511	0.0200806	2598	477	2.47225
GGCTGGTGTCATGCAT	27766	16951	6932	0.610495	0.591057	0.0176211	2751	531	2.44533
ACGCAGCAGAGACGAA	27735	18254	7089	0.658158	0.611647	0.0178756	2735	534	2.57498
TTAGTTCAGGAGCGTT	27681	19532	8657	0.70561	0.556779	0.021363	2874	430	2.25621
AGTGAGGCAGACAAGC	27655	19438	7863	0.702875	0.595483	0.0155726	2855	604	2.47208
TGTATTCGTAAGCACG	27556	16723	6700	0.606873	0.599354	0.0136128	2632	508	2.49597
CGACCTTAGTTGTAGA	27523	17760	7272	0.645278	0.590541	0.0153966	2746	590	2.44224
GACAGAGCACTAGTAC	27386	18397	7300	0.671767	0.603196	0.00972812	2661	568	2.52014
CACACTCTCTGGCGTG	27367	17112	7057	0.625279	0.587599	0.0221832	2719	507	2.42483
GCATGATCAATAGAGT	27275	18420	7594	0.675344	0.587731	0.0123705	2980	607	2.4256
GACTACACAGATTGCT	27239	13728	5643	0.503983	0.588942	0.0140129	2533	426	2.43275
TCGTAGAAGACTCGGA	27442	20044	8574	0.730413	0.572241	0.00321334	2404	286	2.33777
GACGCGTTCGCGTTTC	27217	16295	6920	0.598707	0.57533	0.0209116	2738	538	2.35477
CATTATCCAGTGACAG	27215	16955	7007	0.623002	0.58673	0.01772	2690	507	2.41972
ATTACTCAGCGACGTA	27162	17597	7611	0.647854	0.567483	0.0163398	2806	569	2.31205
AGACGTTCATTCTCAT	27159	16799	7063	0.618543	0.579558	0.0224347	2789	556	2.37845
CAAGAAAAGGCGATAC	27063	18040	7158	0.666593	0.603215	0.0422371	2648	534	2.52026
TTCTACAGTATGAATG	27061	15765	6730	0.582573	0.573105	0.0122095	2702	533	2.3425
CGGTTAATCCCGACTT	27009	16819	6692	0.622718	0.602117	0.0164922	2653	533	2.5133
CAGCATAGTCCTGCTT	27037	16638	6814	0.615379	0.590456	0.0200657	2653	532	2.44174
ATTATCCTCGCCAAAT	26972	16992	7201	0.629987	0.576212	0.0170828	2758	549	2.35967
TATTACCAGCTGTCTA	26927	16886	7106	0.627103	0.579178	0.0241233	2792	570	2.3763
TGCCAAACAATGAATG	26921	17889	7083	0.6645	0.604058	0.0457337	2625	492	2.52562
TCGCGTTCACCATCCT	26849	13369	5794	0.497933	0.566609	0.0145296	2360	435	2.30739
CGATTGACAAACTGCT	26908	17636	7114	0.655418	0.596621	0.0160676	2688	514	2.47906
TGAGAGGAGACACGAC	26874	14069	5717	0.523517	0.593646	0.0104601	2195	417	2.46091
GTAACGTGTTCGGCAC	26808	11556	4954	0.431065	0.571305	0.0146809	2083	339	2.33266
CGACCTTAGGATGGAA	26779	15964	6545	0.596139	0.590015	0.0300948	2621	497	2.43911
GATGAAAAGTGTACGG	26718	15803	6376	0.591474	0.596532	0.026056	2549	433	2.47851
TTCCCAGAGCAATATG	26693	17090	7199	0.640243	0.57876	0.0136233	2812	529	2.37394
AGCAGCCTCTTAACCT	26691	17138	7001	0.642089	0.591493	0.0229839	2901	537	2.44794
CACAAACTCGATGAGG	26639	16717	6657	0.627539	0.601783	0.0136811	2664	541	2.51119
TATCTCAGTGCCTGTG	26650	17854	7607	0.669944	0.573933	0.0232051	2735	546	2.34705
ACGATACCACCAACCG	26581	15931	6211	0.599338	0.610131	0.00958213	2562	491	2.56497
CGTGTCTAGGCTCAGA	26546	19861	8984	0.748173	0.547656	0.0406277	3159	796	2.21071
ATCATCTTCCAAACTG	26545	17604	7431	0.663176	0.57788	0.0269924	2753	532	2.36899
TTCTACAGTTGGTGGA	26542	17203	7408	0.648143	0.569377	0.0198484	2871	570	2.32222
TAGTGGTAGATCTGAA	26543	16337	7077	0.615492	0.566812	0.0165961	2807	544	2.30846
GGGCATCTCATAGCAC	26480	15949	6551	0.602304	0.589253	0.0115459	2374	471	2.43459
GATCGATGTGTTTGGT	26357	17064	7221	0.647418	0.576828	0.0259724	2837	539	2.36311
AAGCCGCCATCATCCC	26343	16605	6808	0.630338	0.590003	0.0194668	2758	510	2.43904
GTTCTCGAGGTGCTTT	26261	16030	6805	0.610411	0.575483	0.0166146	2731	518	2.35562
AGGCCACAGAACAACT	26210	16751	6874	0.639107	0.589636	0.0448929	2784	519	2.43686
TACGGGCAGATGCCAG	26200	14659	6048	0.559504	0.587421	0.0134731	2338	449	2.42378
CATCAGATCGGTCTAA	26178	12819	5836	0.489686	0.544738	0.0263732	2459	448	2.19654
TCAGGTACACAGGCCT	26155	14034	5776	0.53657	0.588428	0.0104312	2461	437	2.42971
GGGTCTGGTCTCAACA	26136	17122	7082	0.655112	0.58638	0.00922676	3010	627	2.41768
CCAGCGATCATGTCTT	26047	16315	6641	0.626368	0.592951	0.0184775	2830	533	2.45671
ATCTGCCGTCAGATAA	26040	18340	7464	0.704301	0.593021	0.0366047	2683	570	2.45713
AACTCAGGTAGAGTGC	25915	16168	6744	0.623886	0.58288	0.0177292	2722	569	2.39739
CTCGTACAGATGCCAG	25864	17078	6995	0.6603	0.590409	0.0128182	2662	540	2.44146
GGAGCAAAGTGGGCTA	25788	18410	7682	0.713898	0.582727	0.0301776	2960	650	2.39651
ATCCACCTCCGCAGTG	25787	16882	6875	0.654671	0.592762	0.0158835	2662	552	2.45556
AGTGAGGTCATCACCC	25722	17396	7083	0.676308	0.592837	0.0327827	2670	511	2.45602
GGATGTTGTGCATCTA	25724	17168	7051	0.667392	0.589294	0.019524	2618	527	2.43483
AGCAGCCGTGTTAAGA	25699	17731	7254	0.689949	0.590886	0.0260654	2783	569	2.44431
TGTGTTTAGTCGTTTG	25680	15582	6488	0.606776	0.583622	0.0153278	2679	533	2.40166
CGCGGTATCGGTCCGA	25613	14215	5792	0.554992	0.592543	0.026475	2488	451	2.45425
GTCTCGTAGTGCTGCC	25605	18234	7878	0.712127	0.56795	0.0339101	2640	571	2.31455
TTAGTTCTCGTTACAG	25589	18347	8179	0.716988	0.554205	0.037315	2962	640	2.24318
AATCGGTTCTGTTGAG	25581	14257	6286	0.557328	0.559094	0.0177842	2580	485	2.26806
ACGGAGAGTTCCGTCT	25509	17241	7007	0.675879	0.593585	0.0404746	2509	507	2.46054
AACACGTCACTTCGAA	25493	16215	6677	0.636057	0.588221	0.0200547	2685	506	2.42849
TTTGCGCGTCTCCATC	25485	13031	5957	0.51132	0.542859	0.0160942	2553	433	2.18751
GTCTCGTCATCACGAT	27598	25701	9413	0.931263	0.63375	0.00647941	357	10	2.73037
GCCTCTATCGGATGGA	25414	17744	7607	0.698198	0.571292	0.0328093	2665	527	2.33259
ATTTCTGCAGACGCCT	25433	17172	7980	0.675186	0.53529	0.0204292	2783	601	2.15188
CATGCCTAGTCCCACG	25407	17301	7085	0.680954	0.590486	0.0345394	2849	609	2.44192
ATTACTCTCCGATATG	25363	21078	9497	0.831053	0.549435	0.0345014	3128	465	2.21944
CAAGGCCCAGTACACT	25283	16997	6796	0.67227	0.600165	0.0265896	2691	507	2.50103
CTAGCCTTCATGTCTT	25254	15697	6623	0.621565	0.578072	0.0188316	2586	517	2.37007
CCTTCCCTCAACACAC	25160	10921	4804	0.434062	0.560114	0.00647464	2409	766	2.27331
CTTGGCTGTCATACTG	25228	16148	6544	0.640082	0.594749	0.0195432	2598	471	2.4676
GGACAGAAGGTAGCCA	25144	17523	7100	0.696906	0.594818	0.0388148	2690	502	2.46803
TTTACTGTCGTACGGC	25142	13619	6247	0.541683	0.541303	0.0116363	2497	443	2.18009
AGAGCTTTCGGTCTAA	25070	16160	6997	0.644595	0.567017	0.0169914	2674	545	2.30956
CGAACATGTGCAGACA	25006	15485	6078	0.619251	0.607491	0.0199243	2522	476	2.54771
TACTTGTAGGATGGTC	24996	13696	5823	0.547928	0.574839	0.0452005	2526	455	2.35205
GGGCATCAGCTAACTC	24925	16604	6779	0.666158	0.591725	0.0467898	2683	527	2.44933
ACACCCTCACGAGAGT	24885	15068	6227	0.605505	0.58674	0.0206083	2518	471	2.41978
AGTAGTCGTTCTCATT	24880	18449	7998	0.741519	0.566481	0.0273117	2871	644	2.3067
TGTCCCATCAACGAAA	24862	16007	6586	0.643834	0.588555	0.0437114	2470	495	2.43046
CTCAGAAAGGCTCTTA	24860	17137	6957	0.68934	0.594036	0.0272501	2386	479	2.46327
AACACGTTCTTACCGC	24801	14294	5835	0.576348	0.591787	0.025841	2428	460	2.4497
CCTACCAGTTCCCTTG	24795	13551	5544	0.546521	0.590879	0.016424	2432	425	2.44426
GCAGCCAAGAAGCCCA	24792	14303	5778	0.57692	0.596029	0.0184684	2483	496	2.47542
ATCATCTCATACGCTA	24789	15081	6424	0.608375	0.574034	0.0136071	2594	498	2.3476
CTCCTAGCACCTTGTC	24751	13588	5678	0.548988	0.582131	0.015647	2520	418	2.3931
GCCAAATAGGCCCTCA	24625	14183	5785	0.575959	0.592117	0.0214463	2432	447	2.45169
GTGCAGCGTCTACCTC	27085	25846	9649	0.954255	0.626673	0.0312588	74	4	2.67862
GAGGTGAGTTGTGGAG	24565	17534	7304	0.71378	0.583438	0.0428076	2752	538	2.4006
CTGCCTACATCCTTGC	24511	13475	5568	0.549753	0.58679	0.019773	2492	444	2.42008
CATATTCGTAGGGTAC	24496	14361	5834	0.586259	0.593761	0.0183272	2588	451	2.4616
CAAGATCCAAGTAATG	24465	15623	6316	0.638586	0.595724	0.0112251	2546	483	2.47356
TCATTACTCTAGCACA	24388	13453	5660	0.551624	0.579276	0.0154526	2333	425	2.37686
GCTGGGTTCGTTACAG	24400	14534	5986	0.595656	0.588138	0.0103689	2366	439	2.428
GCTTCCAGTCTAAACC	24387	15421	6566	0.632345	0.574217	0.0265512	2576	482	2.34861
TGGTTAGAGTCTCAAC	24455	16077	6712	0.657412	0.582509	0.0377768	2575	505	2.39526
AGAGTGGCAATGGAGC	24383	13936	5779	0.571546	0.585319	0.0151015	2422	447	2.41149
CCACGGATCAGTGCAT	24381	14199	5915	0.58238	0.583421	0.0212446	2578	472	2.40051
CGATGGCCAGGGAGAG	24273	16021	6475	0.660034	0.595843	0.0279425	2696	546	2.47429
ACTATCTTCCTGCTTG	24333	14929	6525	0.613529	0.562931	0.0238163	2686	512	2.28797
GCACATAGTAAAGTCA	24271	16355	6738	0.673849	0.588016	0.0238796	2715	531	2.42728
ATTCTACGTCGAAAGC	24217	15641	6646	0.645869	0.575091	0.0187716	2662	539	2.35345
CGACTTCGTAGCCTAT	24129	12838	5293	0.532057	0.587708	0.0190036	2283	432	2.42547
GTCACGGGTAGCGTCC	24187	16253	6841	0.671973	0.579093	0.0164735	2772	542	2.37582
CGATCGGGTGGCAAAC	23943	15072	6400	0.629495	0.575372	0.0279936	2598	526	2.355
TGTTCCGAGACATAAC	23906	15751	6207	0.658872	0.60593	0.0390277	2449	529	2.53762
CATGGCGCAGATCTGT	23803	11361	4715	0.477293	0.584984	0.0137248	2353	357	2.40954
TCGGGACCAAAGCGGT	23815	17447	7225	0.732606	0.585889	0.0355715	2604	540	2.41481
GCAGCCAGTGTGAATA	23783	16279	6607	0.684481	0.59414	0.0497834	2413	531	2.4639
GGAACTTAGTACGATA	23771	15483	6371	0.65134	0.588516	0.0162855	2574	466	2.43023
CAGAGAGAGCTTATCG	26424	25040	9139	0.947623	0.635024	0.0181542	158	4	2.73991
TGGGAAGAGCTAGTCT	23688	17128	8069	0.723067	0.5289	0.0281307	2840	643	2.12269
TAGAGCTGTGGCTCCA	23679	14292	5898	0.603573	0.587322	0.0146667	2408	474	2.42319
CCTACACTCGGAATCT	23521	13806	5784	0.586965	0.581052	0.0432377	2524	476	2.38693
GCTCCTACAACTTGAC	23519	16406	6977	0.697564	0.574729	0.0349591	2626	484	2.35144
CAGAATCCATGTCTCC	23519	14338	5875	0.609635	0.59025	0.0253859	2462	469	2.44051
CATGACACACGGCGTT	23433	12545	5077	0.535356	0.595297	0.0313765	2279	375	2.47095
GGGAGATGTAGCGTAG	23384	14209	5808	0.607638	0.591245	0.017334	2428	467	2.44645
ATCATCTCACCTTGTC	23379	12285	5235	0.525472	0.573871	0.0185219	2191	379	2.3467
CTGATAGGTCTTGATG	23307	13115	5454	0.562706	0.58414	0.0156691	2203	416	2.40466
AATCCAGCACCGAATT	23371	15692	6511	0.67143	0.585075	0.0302003	2483	477	2.41008
CTACGTCCATCTACGA	23198	14939	6018	0.643978	0.597162	0.0516864	2283	467	2.48239
CACCAGGTCAAACGGG	23192	11250	4567	0.485081	0.594044	0.0291685	1933	337	2.46332
GATGCTATCTAACGGT	23113	15096	6144	0.653139	0.593005	0.0254844	2436	451	2.45703
CGCGTTTTCGAGAACG	23057	13290	5531	0.576398	0.583822	0.0257256	2150	390	2.40282
CTACATTGTGTTAAGA	23028	12614	5403	0.547768	0.571666	0.0394849	2450	413	2.33463
GTTAAGCCAGTAACGG	23033	10583	4521	0.459471	0.572805	0.0162954	2040	326	2.34085
GGCTGGTCAAAGGTGC	22981	14063	5807	0.61194	0.587072	0.0205594	2501	467	2.42173
TCAGCTCAGCATGGCA	22982	13977	5744	0.608172	0.589039	0.0214135	2353	466	2.43332
TCAGGATCAATCGGTT	22959	16313	6831	0.710527	0.581254	0.0388659	2663	516	2.38808
CTGCGGACAGCTCGCA	22928	14988	6176	0.653699	0.587937	0.0391367	2391	467	2.42681
GGCCGATAGGGTCTCC	22778	13713	5478	0.602028	0.600525	0.021417	2413	418	2.50329
ATAACGCAGTGTACCT	22771	13058	5527	0.573449	0.576735	0.0272987	2109	404	2.36258
CCTCAGTGTCGGCACT	22751	13571	5608	0.596501	0.586766	0.015312	2527	455	2.41994
ATCTGCCGTAAAGTCA	22713	13368	5390	0.588562	0.596798	0.0364453	2083	358	2.48015
GCATGATGTAAATACG	22703	15558	6257	0.685284	0.597827	0.0468563	2568	499	2.4865
CGGTTAATCCCGGATG	22699	14092	5609	0.62082	0.601973	0.0130469	2559	435	2.51239
TACTCATGTCGTGGCT	22693	19239	8281	0.847794	0.569572	0.0472285	2617	463	2.32327
AACTCAGGTCTAGTCA	22690	15543	6614	0.685015	0.574471	0.0190155	2851	519	2.35002
CGTTAGATCGCTGATA	22681	12487	5128	0.550549	0.589333	0.018776	2357	379	2.43506
CGAGCCAGTCAGAAGC	22673	15585	6409	0.687381	0.588771	0.0511697	2505	473	2.43174
CTACCCAGTACCCAAT	22662	14194	5695	0.626335	0.598774	0.019899	2405	492	2.49236
CCTCAGTCACCACGTG	22650	11437	4783	0.504945	0.581796	0.0198352	2061	330	2.39118
CTCGTCAAGCGTGTCC	22599	14160	6151	0.626576	0.565607	0.0159506	2522	473	2.30206
CACAGTAGTGTTAAGA	22560	14232	5735	0.630851	0.597035	0.0343138	2354	419	2.4816
CTAAGACAGGTGTTAA	22446	14644	5947	0.65241	0.593895	0.0155339	2410	429	2.46242
ACTTACTTCGGTCCGA	22424	13150	5506	0.586425	0.581293	0.018607	2330	434	2.3883
GCTTGAAAGAGCTGGT	22382	13427	5537	0.599902	0.587622	0.0305702	2418	413	2.42496
ATGCGATTCTCGATGA	22367	13088	5377	0.585148	0.589166	0.0322891	2415	417	2.43407
TACGGGCTCAGCATGT	22306	15654	6322	0.701784	0.596142	0.0568035	2368	475	2.47612
ATCTACTAGTACGATA	22283	9461	4159	0.424584	0.560406	0.0144772	2128	630	2.27483
AGATCTGCAATGCCAT	22209	16468	6880	0.741501	0.58222	0.0229921	2473	537	2.3936
CACACAAAGCCACCTG	22154	13892	5577	0.627065	0.598546	0.0146147	2286	418	2.49094
GTACTCCAGTGGGATC	22162	19020	7714	0.858226	0.594427	0.0448181	2099	328	2.46565
CTGTTTATCGAATCCA	22117	15061	6459	0.680969	0.571144	0.0313856	2605	470	2.33179
GACAGAGTCACGAAGG	22102	14145	5558	0.639987	0.60707	0.0291153	2328	480	2.54498
GCGCCAACATGCTGGC	22075	12237	5189	0.554337	0.575958	0.0171164	2120	390	2.35826
ATCATGGCATGGTAGG	22068	13608	5710	0.616639	0.580394	0.0178937	2333	413	2.38319
ACCTTTACACAACGTT	22007	13734	5722	0.624074	0.58337	0.0135145	2476	435	2.40021
GCTGCAGAGATAGCAT	22045	13737	5569	0.623134	0.594599	0.0171584	2193	420	2.46669
CGTTAGATCTGTTTGT	21996	12896	5364	0.586288	0.584057	0.0209632	2266	422	2.40418
CGATTGACAGTATGCT	21961	13872	5559	0.631665	0.599265	0.0272441	2295	425	2.49541
GTCAAGTCACCAGCAC	21839	12952	5286	0.593067	0.591878	0.0171066	2306	387	2.45025
CGACTTCCAATCAGAA	21832	13454	5355	0.616251	0.601977	0.0176046	2201	425	2.51242
ATGCGATGTATGGTTC	21755	13821	5614	0.635302	0.593807	0.0175024	2440	410	2.46188
TCAGGATCACATAACC	21681	15038	6235	0.693603	0.585384	0.0242821	2761	547	2.41187
CTCGGGAAGTAAGTAC	21608	13265	5446	0.613893	0.589446	0.0248119	2469	416	2.43573
CTAATGGCAATGTAAG	21601	13977	5813	0.647053	0.584102	0.0286887	2329	470	2.40444
CTCGTACGTGTATGGG	21574	13717	5812	0.635812	0.576292	0.0140048	2500	431	2.36012
GATCAGTGTCAACATC	21541	13089	5354	0.607632	0.590954	0.0216129	2337	421	2.44471
ATCATCTCACCCATTC	21541	13999	5899	0.649877	0.578613	0.0291579	2662	492	2.37311
AGCTCCTGTCAGAGGT	21534	14397	5753	0.668571	0.600403	0.0161569	2490	508	2.50252
GAACATCAGTGGACGT	21505	12319	5047	0.572844	0.590308	0.0396443	2087	382	2.44086
GTAACGTCAAGTAATG	21481	11443	4719	0.532703	0.587608	0.0235898	2328	381	2.42488
CGATGTACAGGAATGC	21412	10792	4301	0.504016	0.601464	0.0372285	2267	688	2.50918
TGCGGGTAGGAGTAGA	21434	14455	5844	0.674396	0.595711	0.0199578	2465	455	2.47348
CTCTAATTCCGGCACA	21380	12615	5247	0.590037	0.584067	0.0314019	2208	419	2.40423
AACTGGTGTCCAACTA	21350	14615	5880	0.684543	0.597674	0.0316468	2413	466	2.48554
CGGACACCAATGTTGC	21301	12373	4866	0.580865	0.606724	0.0258335	2216	380	2.54275
TACTTGTTCAATAAGG	21245	11873	5234	0.558861	0.559168	0.0248168	2272	420	2.26844
GAACCTAGTCCGCTGA	21238	12146	4955	0.571899	0.592047	0.0238087	2287	373	2.45126
CTCGTCACAATCACAC	21222	11108	4767	0.523419	0.57085	0.0177489	2066	345	2.33019
AGTCTTTAGTTTAGGA	21180	15573	7003	0.735269	0.550311	0.0375685	2519	503	2.22376
TGAGCCGAGTCCGTAT	21169	14136	5803	0.667769	0.589488	0.0229593	2437	443	2.43598
TGGTTAGCACAACGCC	21150	13151	5376	0.621797	0.59121	0.0278633	2382	417	2.44624
TCTATTGTCTTTACGT	23565	22378	9294	0.949629	0.584681	0.0247102	101	4	2.40779
TACGGTAAGTCCCACG	21117	11788	4782	0.558223	0.594333	0.0314175	2114	348	2.46508
GAAGCAGTCCCAGGTG	21092	12297	4950	0.583017	0.597463	0.0185473	2010	347	2.48424
ATTATCCGTATTCGTG	21082	12657	5524	0.60037	0.563562	0.0234544	2380	422	2.29127
GTCTTCGTCATGCATG	21078	12514	5310	0.5937	0.575675	0.0231777	2291	411	2.35669
TTTGGTTTCATGCATG	21052	12770	5737	0.606593	0.550744	0.0233804	2556	447	2.2259
CCCAGTTCACACCGAC	21027	13143	5304	0.625054	0.596439	0.0207447	2369	389	2.47794
AAACGGGAGCCACGTC	21025	14220	5806	0.676338	0.591702	0.0184868	2476	431	2.44919
TATTACCGTCCGAACC	20984	11274	4729	0.537266	0.580539	0.0190485	2197	347	2.38401
CAGGTGCCATTAGGCT	20973	12650	5088	0.603156	0.597787	0.0237063	2310	417	2.48624
TTGCCGTAGTCTCGGC	20979	10295	4377	0.490729	0.574842	0.0299645	2001	309	2.35207
AAGGAGCAGCATGGCA	20942	12191	4885	0.582132	0.599295	0.0380576	2377	362	2.4956
AGTCTTTCATATGAGA	20940	12292	5478	0.587011	0.554344	0.0241993	2385	424	2.24388
CGATGGCGTGCAACGA	20914	11524	4580	0.551018	0.602569	0.0351481	2175	332	2.51616
AGTAGTCCACAGTCGC	20844	11634	4696	0.558146	0.596356	0.0327359	2277	369	2.47743
ACTTGTTAGTGGTCCC	20819	13433	5781	0.645228	0.569642	0.038171	2330	458	2.32365
GTATTCTAGCTAACTC	20808	14336	6190	0.688966	0.56822	0.0459745	2640	535	2.31599
GTCATTTAGATGTCGG	20672	12268	5295	0.59346	0.568389	0.0163729	2310	404	2.3169
CTCGAGGCATCCAACA	20630	13317	5460	0.645516	0.589998	0.0533333	2275	420	2.43901
TGGCCAGAGCTGAAAT	20593	10846	4439	0.526684	0.590725	0.0423961	2053	346	2.44334
GCGGGTTGTGCAGTAG	20524	12728	5153	0.620152	0.595145	0.0189127	2309	389	2.47002
AACGTTGAGTCATCCA	20498	11143	4572	0.543614	0.589698	0.0276314	2236	351	2.43723
TGCTACCAGCGTAGTG	20479	11673	4843	0.569999	0.585111	0.0246942	1981	351	2.41028
TGCTACCGTCGTGGCT	20417	12432	5459	0.608904	0.560891	0.0252938	2296	440	2.27734
ATCATGGTCTGTCTAT	20319	11620	4994	0.571879	0.570224	0.0159904	2184	363	2.32679
AAACGGGAGCGAGAAA	20260	12785	5256	0.631046	0.588893	0.0207079	2287	419	2.43246
CTGCTGTAGATGAGAG	20197	13333	5582	0.660148	0.58134	0.0218349	2482	486	2.38857
CAACTAGGTCAGCTAT	20180	13450	5393	0.666501	0.599033	0.0227451	2302	394	2.49397
GCGAGAAAGATATACG	20148	12427	4870	0.616786	0.608111	0.0165099	2185	393	2.55175
CACACTCAGTGGTCCC	20106	11239	4536	0.558987	0.596405	0.0209189	2148	356	2.47773
GCATGATTCTTTAGTC	20090	11976	4989	0.596117	0.583417	0.015796	2240	394	2.40048
TTTATGCTCAGGTAAA	19994	10833	4846	0.541813	0.552663	0.0156063	2084	382	2.23545
GGGCACTCACTGTGTA	19987	11002	4459	0.550458	0.59471	0.0153816	2116	355	2.46737
TCGTAGAGTCTCTCGT	19931	13751	5723	0.68993	0.583812	0.0364237	2213	455	2.40276
GTTCATTTCCGCGGTA	19908	10957	4877	0.550382	0.554896	0.0314096	2127	379	2.24667
TGTATTCAGTCATCCA	19876	10808	4551	0.543771	0.578923	0.0225632	2017	311	2.37486
TTCTACAGTTATCCGA	19845	11356	4888	0.572235	0.569567	0.0136419	2287	386	2.32324
GGTGCGTCATCCAACA	19828	13680	5756	0.689933	0.57924	0.0246641	2288	453	2.37665
ATCGAGTCATGACGGA	19806	11408	4660	0.575987	0.591515	0.0234696	2135	368	2.44807
ACCCACTCATCGGAAG	19798	12793	5488	0.646176	0.571015	0.0235287	2289	422	2.33109
CATGCCTAGGGCATGT	19785	11915	5177	0.602224	0.565506	0.0196941	2209	380	2.30153
GCATGTACAAGCTGAG	19776	12494	5040	0.631776	0.596606	0.0200267	2247	387	2.47897
AGCATACCAGCTCCGA	19764	12618	5043	0.638434	0.600333	0.0166434	2119	309	2.50208
CGACTTCTCGGCCGAT	19702	13024	5421	0.66105	0.583768	0.0509502	2313	410	2.40251
GTTCTCGTCCTGTACC	19694	11200	5029	0.568701	0.550982	0.0188818	2357	382	2.22708
CGGACGTGTCAATGTC	19557	10907	4525	0.557703	0.585129	0.0172717	1845	342	2.41039
CCATTCGTCAACACCA	19519	10073	4161	0.516061	0.586916	0.0158349	1961	317	2.42081
CTTTGCGCAGCTGTAT	20772	19676	7198	0.947237	0.634174	0.00867298	242	4	2.73354
AGGGAGTGTGCTTCTC	19518	12327	5061	0.631571	0.589438	0.0257658	2207	385	2.43568
AAATGCCCAGATTGCT	19451	11275	4737	0.579662	0.579867	0.014509	2221	350	2.3802
CGTGTCTAGTGAACGC	19496	12876	5866	0.660443	0.544424	0.0479695	2317	440	2.19502
AGGGATGTCCTTTCTC	19450	11204	4663	0.576041	0.583809	0.020334	1960	345	2.40275
TCGGGACAGGCCGAAT	19427	12269	5114	0.631544	0.583177	0.0486103	2391	432	2.3991
TAGTGGTCATGCCTTC	19250	11515	4836	0.598182	0.580026	0.0151736	2139	348	2.3811
TTCGAAGAGAGTGACC	19240	12441	5148	0.646622	0.586207	0.0544693	2148	368	2.41667
TACACGACATCCCACT	19196	10280	4229	0.535528	0.588619	0.0157206	2135	640	2.43083
AGAGCGAAGCGTCAAG	19113	11886	5024	0.62188	0.577318	0.0250319	2048	398	2.36584
GAGGTGAGTAATCGTC	19096	12423	5063	0.650555	0.592449	0.0316822	2224	400	2.45368
TCTTCGGAGCTTTGGT	19083	12261	5566	0.642509	0.54604	0.0174276	2438	392	2.20284
AGTGTCAAGGTGCTAG	19080	11825	4815	0.619759	0.592812	0.0368508	2142	386	2.45587
CAGCCGACATATACCG	19034	10687	4221	0.561469	0.605034	0.0182914	1861	307	2.53186
ACCAGTAGTCAAACTC	18987	9957	4069	0.524411	0.591343	0.0260213	1884	303	2.44704
CGGACGTTCCCTAATT	18983	12279	4948	0.646842	0.597036	0.0467675	2116	424	2.48161
ACACCGGAGCGGCTTC	18974	12044	4897	0.634763	0.593408	0.0122907	2330	376	2.45946
CACACTCAGGCGTACA	18972	12658	5182	0.667194	0.590615	0.0696056	2256	441	2.44269
CAGGTGCCAATCTGCA	18966	10719	4306	0.565169	0.598283	0.0162527	2038	306	2.48932
TCGTAGAGTAGGGTAC	18943	11313	4671	0.597213	0.587112	0.0269101	1471	181	2.42197
GTCCTCACACATGACT	18921	11119	4687	0.587654	0.578469	0.019078	2082	332	2.37231
TGAGAGGTCTGCTGCT	18901	12147	5053	0.642664	0.584013	0.0481156	2283	435	2.40392
TGGCGCATCGTGGGAA	18888	13586	5730	0.719293	0.578242	0.0450957	2083	393	2.37103
AACGTTGAGGCAATTA	18852	11169	4486	0.592457	0.598353	0.0446191	1828	345	2.48975
TTATGCTAGCCAGTAG	18837	10026	4275	0.53225	0.573609	0.0206253	1974	367	2.34526
TACTCGCCAGCAGTTT	18823	11942	5016	0.634437	0.57997	0.0208349	2250	400	2.38078
CTCACACGTCGCGGTT	18795	10889	4478	0.579356	0.588759	0.0240165	2095	341	2.43167
CAAGGCCAGTTCCACA	18774	11198	4516	0.596463	0.596714	0.0230672	2128	362	2.47963
CGGTTAAAGACAGGCT	18739	11277	4404	0.601793	0.609471	0.025695	2065	336	2.56063
CTGATAGAGATCGATA	20705	19726	8222	0.952717	0.58319	0.026975	80	4	2.39917
TGCGTGGTCGCATGGC	18611	10640	4345	0.571705	0.591635	0.0318703	2105	342	2.44879
GGTATTGAGGAGCGTT	18653	11619	4881	0.622902	0.579912	0.0275961	2131	377	2.38045
CAGTCCTTCAGCTCTC	18428	10448	4346	0.566963	0.584035	0.0123216	2051	337	2.40405
CATGCCTAGTACCGGA	18397	11318	4569	0.615209	0.596307	0.0186293	2061	359	2.47713
ACTGCTCGTTTAGCTG	18317	11418	4849	0.623355	0.57532	0.0252995	2178	381	2.35471
GAAGCAGCACTTCGAA	18263	11577	4703	0.633905	0.593763	0.0194983	2010	364	2.46162
TAGACCAAGTTTAGGA	18269	11685	4999	0.639608	0.572187	0.0201434	2278	413	2.33747
GTCCTCAAGCCCAGCT	18257	10277	4297	0.562907	0.581882	0.0159851	2052	315	2.39167
CACTCCATCGTAGGAG	18192	10459	4383	0.574923	0.580935	0.0240641	1980	318	2.38627
ATTCTACTCTAACGGT	18192	12146	5429	0.667656	0.553022	0.0268768	2172	427	2.23724
CATCGGGCAATACGCT	18113	12104	4881	0.668249	0.596745	0.0301967	2245	375	2.47982
CTCTAATTCTTGAGAC	17992	10019	4413	0.556859	0.559537	0.0184681	2008	319	2.27034
CATCAGAGTAGCTAAA	18108	10263	4235	0.566766	0.587353	0.0358	1908	316	2.42338
GGGCATCAGCTGTCTA	19456	18557	6713	0.953793	0.63825	0.0177983	116	4	2.76434
AACGTTGAGGGCTCTC	17981	10662	4211	0.592959	0.605046	0.0266332	2057	337	2.53194
ATTCTACTCCGTACAA	17962	11793	5147	0.656553	0.563555	0.0467578	2393	418	2.29124
CAGTCCTCATCGTCGG	17902	11271	4684	0.629594	0.58442	0.0241607	2313	364	2.40628
TGCCCATCATCGGACC	17883	10030	4189	0.560868	0.582353	0.0201819	1759	290	2.39437
TGACAACAGCACCGCT	17831	11121	4416	0.623689	0.602913	0.0222115	2071	307	2.51834
AATCGGTGTAAGGATT	17770	10670	4436	0.60045	0.584255	0.0257428	2154	351	2.40532
CATATTCTCGCGTAGC	17742	10750	4475	0.605907	0.583721	0.0233903	1902	372	2.40223
CGAGCACGTGTCTGAT	17725	10661	4502	0.601467	0.577713	0.0316263	1950	330	2.36806
CCACGGAGTCAGATAA	17725	10764	4286	0.607278	0.601821	0.0315149	1971	351	2.51143
ACGAGCCAGCTAGTCT	17499	11400	4581	0.651466	0.598158	0.0267716	2166	336	2.48854
CTGTTTACATTGGCGC	17702	11273	4885	0.636821	0.566664	0.0217916	2115	382	2.30768
ATTCTACTCAGTCCCT	17469	11998	5301	0.686817	0.558176	0.0370352	2426	414	2.26335
ATTACTCTCGGTGTCG	17385	11411	5038	0.65637	0.558496	0.0471586	2273	410	2.26499
AACTCTTTCCAAACAC	17333	10684	4624	0.616396	0.567203	0.0135228	2128	382	2.31055
AATCCAGGTTCAGACT	17183	9758	4228	0.567887	0.566714	0.0273127	2150	671	2.30795
CGTCTACTCAATACCG	18899	17892	6724	0.946717	0.62419	0.0198632	138	4	2.66092
GCTCCTAAGCGAGAAA	17170	11235	4676	0.654339	0.583801	0.0407818	1923	369	2.40269
TTTACTGCATGCCTAA	17109	9687	4442	0.566193	0.541447	0.0246531	2145	336	2.18077
ATGAGGGCACCCTATC	17021	9969	4194	0.585688	0.579296	0.0141769	1921	314	2.37697
TAGTGGTAGGTGCAAC	17002	10199	4192	0.599871	0.588979	0.0175387	1882	345	2.43297
TCGGGACAGGCATGTG	16869	11772	4856	0.697848	0.587496	0.0438913	1941	388	2.42422
TACCTTACACTTCGAA	16620	10383	4403	0.624729	0.575941	0.0273275	2120	347	2.35816
TCTTCGGCAGTCAGCC	16600	8626	3867	0.519639	0.551704	0.0159085	1914	280	2.23067
TGCACCTAGTTAAGTG	16557	10032	4042	0.605907	0.597089	0.0263061	1923	328	2.48194
CGCGTTTGTGTGACCC	16522	10000	4299	0.605254	0.5701	0.0191384	2067	366	2.32612
GCATGCGGTGAAGGCT	16511	9809	3998	0.594089	0.592415	0.030122	1981	290	2.45348
GCAAACTCAAGAGTCG	18766	17859	6455	0.951668	0.638558	0.0328224	75	4	2.76669
ACGAGCCCAGGTCTCG	16506	10145	4179	0.614625	0.588073	0.0330777	1831	313	2.42761
TTGGCAAGTATCAGTC	16486	10888	4494	0.660439	0.587252	0.054095	1932	348	2.42279
TGCACCTAGTAATCCC	16453	13814	5645	0.839604	0.591357	0.0156419	2390	450	2.44712
GTAACGTCAAGTTAAG	16375	9855	4022	0.601832	0.591882	0.0382052	1987	313	2.45027
CTCGTCAGTCTTGCGG	16197	9960	4197	0.614929	0.578614	0.0559607	2027	312	2.37312
TACACGAAGATCGATA	16184	10169	4483	0.628337	0.55915	0.0562071	2166	351	2.26835
TCAGGATAGCTAAACA	16101	9823	4035	0.610086	0.589229	0.0157766	1923	292	2.43445
AGTGGGACAAACCTAC	16074	10016	4089	0.623118	0.591753	0.0277344	1969	320	2.4495
CGTAGGCTCGTCTGCT	17286	16455	6936	0.951926	0.578487	0.0320917	80	4	2.3724
ATCCGAATCCCTAATT	16045	13498	5624	0.841259	0.583346	0.0320171	2252	424	2.40007
TGCGGGTTCGTAGGTT	15913	9791	4004	0.615283	0.591053	0.0325092	1785	306	2.4453
TTTACTGGTTCGAATC	15868	8765	4139	0.55237	0.527781	0.0151042	2045	325	2.11766
TGGGCGTGTGCCTGGT	15829	10366	4280	0.654874	0.587112	0.0361419	2193	658	2.42196
CTCTAATAGGCTCTTA	17781	16964	6315	0.954052	0.627741	0.0221528	89	4	2.6863
CGTGAGCGTTATCGGT	15816	9975	4323	0.63069	0.566617	0.0242507	2049	335	2.30743
CTAGAGTGTTCAGTAC	15798	10264	4225	0.649702	0.588367	0.0272788	2093	323	2.42935
ACCGTAACAATGTAAG	17497	16651	5962	0.951649	0.641943	0.0298171	78	4	2.79285
ATCGAGTAGCCCGAAA	15732	10720	4573	0.681414	0.573414	0.0259428	1940	338	2.34419
ATCATGGGTACAGTGG	15552	10821	4575	0.695795	0.577211	0.0390422	1921	327	2.36525
AACGTTGAGTGCAAGC	15232	13211	5304	0.867319	0.598516	0.0160339	2107	493	2.49076
TCTGGAAGTAGCGCAA	15702	11565	4884	0.73653	0.577691	0.0378078	1539	189	2.36794
GGACGTCGTTACGTCA	14743	10227	4165	0.693685	0.592745	0.0392517	1965	323	2.45546
TTCTTAGTCCTTAATC	14232	9035	4205	0.634837	0.534588	0.0491261	2038	334	2.14863
AACCATGCAGATGGGT	13655	11568	4742	0.847162	0.590076	0.0242866	1842	396	2.43948
TTCTCCTCACACCGCA	13657	11813	5090	0.864978	0.569119	0.048018	1963	430	2.32083
CAAGATCAGGGCACTA	12740	10886	4500	0.854474	0.586625	0.0193911	1719	355	2.41911
GGTGAAGTCCGTCATC	12641	10868	4329	0.859742	0.601675	0.0149206	1727	340	2.51051
GACTGCGAGACACGAC	12442	10550	4218	0.847934	0.60019	0.0595174	1865	321	2.50119
AGAGCGATCAAGATCC	14388	11870	5200	0.824993	0.561921	0.0124956	250	4	2.28269
TTAGTTCGTGAAGGCT	16172	15390	6080	0.951645	0.604938	0.0297733	70	4	2.53125
CTGTGCTAGTGTCCCG	16022	15312	5443	0.955686	0.644527	0.02076	77	4	2.81315
ATTGGACTCTGCCCTA	155215	145221	43008	0.935612	0.703844	0.00685513	411	5	3.3766
