GACTGCGAGGGCATGT	0.886217	0.000913951	0.38407	7579
GGTGCGTAGGCTACGA	0.875852	0.000955994	0.383151	7483
ATGAGGGAGTAGTGCG	0.859614	0.000946292	0.383279	7196
ACTGTCCTCATGCTCC	0.816553	0.000507954	0.391347	7094
CGAACATTCTGATACG	0.840118	0.000896794	0.391211	7446
ACTGTCCCATATGGTC	0.845072	0.00100703	0.386318	6893
GTAACTGAGTGAAGTT	0.830186	0.000859261	0.395052	6877
TCGCGAGGTTCAGACT	0.831281	0.000946061	0.379961	6797
CACCTTGTCAGTTCGA	0.852094	0.000675339	0.483224	6455
AGCTCCTCAAGCCCAC	0.838956	0.000686193	0.496853	6362
GCGCCAATCTGACCTC	0.815665	0.000828329	0.386362	6701
CATTATCCATCGACGC	0.826481	0.000752517	0.391666	6614
ACGCCAGGTTGAACTC	0.865328	0.00044652	0.493645	5856
TTTGCGCCAAGTCTGT	0.819392	0.000850308	0.38457	6484
CTGGTCTTCGGTTAAC	0.835927	0.00114201	0.377843	6652
GCTTCCAGTCCGAGTC	0.83603	0.00102782	0.386573	6292
CGTAGCGCACACATGT	0.807966	0.000621781	0.3915	6542
GTCTCGTCATCTATGG	0.844332	0.00071741	0.393764	5906
GGAATAATCCCTGACT	0.764844	0.000535416	0.403449	6270
TTCGGTCAGAACAATC	0.822884	0.000819291	0.389505	6587
TGCGGGTCAGACGCAA	0.81693	0.000786826	0.387584	6387
CAGCATACACAGACAG	0.816557	0.000808608	0.391037	6439
CGATGGCAGCGTGTCC	0.841335	0.000736412	0.386105	6151
CGATGTAGTATAAACG	0.817	0.00108849	0.375896	6358
CACTCCAGTCTGCAAT	0.838477	0.000838894	0.386208	6421
TGACTAGGTGTGGTTT	0.823962	0.000690413	0.38877	5950
AACTCTTGTTCTGAAC	0.803266	0.000732351	0.402659	5958
ATTACTCTCGGATGGA	0.811696	0.000744311	0.378455	6287
CTCGTACGTACCGCTG	0.851583	0.000801754	0.504519	5503
CGATTGAAGAAACGCC	0.797323	0.000657065	0.400152	5818
TACTTACTCCTTCAAT	0.785769	0.000975165	0.379089	6176
GACCTGGTCAGAGACG	0.835288	0.000966544	0.382337	5865
CCTTCGAGTGACTACT	0.776223	0.000738313	0.385363	6064
GACGTGCGTTATGCGT	0.839264	0.000767799	0.38805	5452
ATTGGTGTCTCAAGTG	0.846197	0.000918444	0.381542	6057
ACTATCTCAAGGTGTG	0.841926	0.000856137	0.385589	5797
AGAGCTTGTTCTCATT	0.836153	0.000657099	0.456162	5707
CTTGGCTCAGGGAGAG	0.85592	0.000820465	0.380605	5750
GGACGTCGTACTCGCG	0.830713	0.000838366	0.370907	5933
GCAGCCATCATCATTC	0.828545	0.000924434	0.367369	5899
CAAGATCTCCGTCAAA	0.834942	0.000944451	0.391611	5521
TACACGAAGGCAAAGA	0.842515	0.000865519	0.476796	5375
TTAGGCAAGATATACG	0.787587	0.000764422	0.395733	5320
ACACTGAGTCGGGTCT	0.823332	0.000951134	0.379798	5969
AGAGCTTCACGACGAA	0.807929	0.000961439	0.389473	5562
TCGGTAAGTTGAGGTG	0.828557	0.00066187	0.388593	5330
ACACCGGGTACGACCC	0.583648	0.000195857	0.360465	5572
AGAGCGAGTACTCTCC	0.823908	0.000643723	0.481068	5337
GGATTACCATGCAACT	0.756435	0.000704282	0.389593	5372
CTCGAGGAGAGCCCAA	0.824242	0.000893829	0.379225	5478
ACAGCCGTCCCTTGTG	0.851849	0.000403645	0.542367	4394
TGGCCAGCACCTTGTC	0.822219	0.00104705	0.377842	5861
CTCCTAGTCACATACG	0.827871	0.00059713	0.506366	4882
TGAGGGATCCTCTAGC	0.829314	0.000469851	0.519984	4699
GCATGCGTCCTATTCA	0.826257	0.000487084	0.508742	4654
AACACGTCAGCGTAAG	0.841108	0.000559252	0.493178	4599
AAAGATGAGAAACGAG	0.79544	0.000708951	0.38603	5670
TTTATGCAGTTGTCGT	0.833476	0.000568222	0.507144	4923
AACTCTTAGGAACTGC	0.847427	0.000522572	0.524394	4348
CCTACACGTTCCCGAG	0.786667	0.000846906	0.385225	5452
TATCAGGAGGTTACCT	0.8289	0.000516519	0.526495	4471
ATCGAGTTCAAAGACA	0.823168	0.000557757	0.540973	4196
GTTTCTACAAGGTTCT	0.853419	0.000477615	0.532806	4090
TCTTCGGCAGACGTAG	0.848014	0.000535496	0.498107	4754
CCTCAGTCATGGGAAC	0.89094	0.000465675	0.447088	4946
CGATTGATCAACCAAC	0.853442	0.00059728	0.52287	4487
CTAACTTTCTATCCCG	0.843191	0.000636791	0.50467	4380
CAGATCATCGTCGTTC	0.765859	0.000789956	0.389853	5008
GCTGCGACAGAGCCAA	0.854953	0.000552251	0.50787	4307
CGGAGTCCAGCCAGAA	0.826339	0.000528491	0.544399	4208
TCAGCTCGTGACCAAG	0.826218	0.00061724	0.513437	4359
CTCAGAAAGACCCACC	0.83623	0.000689074	0.511651	4206
GTCCTCACAATGGATA	0.808945	0.000588282	0.479469	4608
GAACGGAAGACTAGAT	0.823403	0.000591145	0.47536	4526
CTCGGGAGTGGCCCTA	0.820801	0.00059246	0.478947	4516
TAGGCATTCGTTGCCT	0.827351	0.000475238	0.505451	4298
CCTCAGTTCCACGCAG	0.824658	0.000446507	0.520626	4041
GTATTCTTCCAGAGGA	0.800394	0.00061607	0.515682	4061
ACGCCGAGTAAACGCG	0.812167	0.000430009	0.505783	4363
CGGACGTCAATCGAAA	0.858631	0.000585566	0.513848	4012
AGCGTCGTCCGCGTTT	0.836168	0.000802138	0.281948	4908
TTGACTTCAGAGCCAA	0.849588	0.000469262	0.493107	3933
CAAGTTGTCACGCATA	0.80956	0.000673499	0.508451	3883
AGCGGTCTCGATAGAA	0.779021	0.000875494	0.387247	4499
AAGGCAGCAAGCGCTC	0.849487	0.00041799	0.51631	3844
CCGGGATGTTTAGGAA	0.821268	0.000482025	0.475808	4188
ATCACGAGTAATTGGA	0.724489	0.000694954	0.390735	4304
AAAGCAAGTACCTACA	0.843987	0.000569309	0.529991	3534
CGAGAAGGTAAGTGTA	0.844529	0.000318414	0.525862	3485
GGATTACAGCTAGGCA	0.855224	0.000528488	0.519539	3659
TCAGCAACAGCTGTGC	0.780122	0.000526985	0.497155	3877
GATCGTATCTAAGCCA	0.782617	0.000411734	0.46444	4287
AGCGTCGGTAAACACA	0.86622	0.000583464	0.473166	3895
CGGCTAGAGTAGATGT	0.833793	0.000642761	0.516728	3453
TACTCGCGTTGATTGC	0.853886	0.000578657	0.508786	3727
CACAAACTCTGCTGCT	0.788193	0.000471525	0.530773	3587
TCAGCTCGTTGACGTT	0.761974	0.000829304	0.373864	4366
GCATACAAGTGAACAT	0.751604	0.000475756	0.467921	3954
GCAAACTTCCCTCAGT	0.944524	0.000269563	0.586786	1405
AGAGCGATCGCTTAGA	0.825793	0.000712196	0.422745	3070
ATCGAGTGTCTAGTCA	0.547538	0.000238616	0.34519	2511
AAGTCTGAGGACGAAA	0.51265	0.000125683	0.351507	1770
TATTACCGTCCTCCAT	0.41982	0.000154292	0.34444	1542
AACCATGGTCAGAAGC	0.645176	0.000171404	0.370035	1752
TCAGGTATCCCAGGTG	0.885867	0.000611701	0.376926	2063
TAGAGCTAGCGTCTAT	0.614724	7.10955e-05	0.683458	933
GCGACCAGTCCGAGTC	0.515329	0.00021747	0.333556	1562
TGAGCATTCCCTAATT	0.517464	0.000165949	0.353794	1367
GCGCGATCACTACAGT	0.937425	0.000323195	0.560358	807
TTGAACGCATCGACGC	0.702257	6.98522e-05	0.604812	891
GCAGCCAGTATTCGTG	0.935273	0.000661299	0.402222	1422
CTTAGGAGTCAAAGAT	0.936769	0.00085701	0.390622	1388
CCACGGACAAGTAGTA	0.931432	0.000716109	0.402894	1190
GTTACAGGTAGTGAAT	0.935685	0.000722928	0.397173	1102
TGAGCATTCATGGTCA	0.938569	0.000803862	0.380454	980
AGGCCGTGTGGCCCTA	0.938	0.000702825	0.378922	977
TCACGAAAGTTTAGGA	0.858792	0.000589703	0.375448	801
TGTGGTAAGACTTTCG	0.923611	0.000755481	0.389651	767
ACTGATGAGTACCGGA	0.946954	0.000557882	0.52779	615
TCTGAGAAGTGACTCT	0.942818	0.000784861	0.38622	713
TGACTTTTCGCCTGTT	0.940463	0.000485041	0.480657	593
TACACGACAAGCCCAC	0.939052	0.000383899	0.504207	485
GCAGTTATCGCTAGCG	0.377011	0.000469986	0.384146	263
GTAGGCCTCACTTACT	0.938285	0.000393671	0.528428	295
CCATGTCAGCGGCTTC	0.931258	0.00050411	0.547354	236
AACCGCGTCATATCGG	0.936552	0.000306189	0.515464	235
AGACGTTTCTGCTGCT	0.931083	0.000570808	0.444109	313
TCCCGATTCGCGGATC	0.823782	0.000350163	0.476522	236
GTGCGTAGGCTACGAG	0.852507	0.000649604	0.396194	275
TCTCATAGTATCAGTC	0.929797	0.000550644	0.404362	276
CGACATTCTGATACGG	0.828346	0.000584458	0.403042	263
TGCTCCTCAAGCCCAC	0.82069	0.000374593	0.323529	264
CGTATGCCGTCTTCTG	0.025	8.37599e-05	0.307692	9
AACTCTTCCGATCTAA	0.764948	0.000856212	0.504043	183
GGCGACTTCCCAGGTG	0.894292	0.000389328	0.406619	192
TCGCGAGTCCCAGGTG	0.873874	0.000448581	0.378866	186
GTGCAGCTCCCAGGTG	0.885167	0.000418799	0.391892	187
GGCGACTTCATGTCTT	0.874699	0.000344346	0.490358	152
GACACGCTCCCAGGTG	0.88835	0.000336591	0.407104	180
GCAGCCATCCCAGGTG	0.888078	0.000411354	0.394521	180
CAGCGACTCCCAGGTG	0.879902	0.000250116	0.401114	165
GCAGCCATCATGTCTT	0.865337	0.000499457	0.536023	139
CGCCAAGTCCCAGGTG	0.897756	0.000344346	0.383333	181
AAGCAGTGGTATCAAC	0.131646	0.00015356	0.365385	31
CGAGCCATCCCAGGTG	0.89313	0.000474639	0.418803	170
TGCGCAGTCCCAGGTG	0.906736	0.000389018	0.402857	166
TGGCGCATCCCAGGTG	0.871728	0.000483946	0.375375	169
AAGCCGCTCCCAGGTG	0.902375	0.000396463	0.377193	180
ACGCAGCTCCCAGGTG	0.834783	0.000388553	0.420139	139
GCGCGATAGTTTAGGA	0.853801	0.000409493	0.39726	154
GACGGCTTCCCAGGTG	0.916168	0.00034993	0.385621	157
GCGACCATCCCAGGTG	0.87538	0.000346208	0.354167	149
CAGCTGGTCCCAGGTG	0.89939	0.000416473	0.39322	155
GGCTGGTTCCCAGGTG	0.816514	0.000388553	0.374532	143
CGATGGCTCCCAGGTG	0.885802	0.000327594	0.38676	141
GTGCAGCTCATGTCTT	0.878505	0.000425004	0.514184	113
CGAGCCATCATGTCTT	0.844237	0.000431208	0.487085	113
CAGCAGCTCATGTCTT	0.878505	0.000366062	0.58156	106
ACGAGCCTCCCAGGTG	0.856698	0.000388553	0.392727	139
GATCGCGTCCCAGGTG	0.892063	0.000418799	0.359431	147
CAGCAGCTCCCAGGTG	0.878594	0.000372266	0.418182	133
CAGCGACTCATGTCTT	0.871795	0.000403288	0.522059	114
TCGCGAGTCATGTCTT	0.864952	0.000260586	0.479554	123
CGCCAAGTCATGTCTT	0.867742	0.000375368	0.550186	102
CGATGGCTCATGTCTT	0.86129	0.00036296	0.561798	106
GGACGTCGTGTTAAGA	0.928339	0.000479293	0.277193	190
GGGACCTTCCCAGGTG	0.908197	0.00049015	0.429603	137
GCTGGGTTCCCAGGTG	0.873333	0.000549093	0.324427	159
GCATGCGTCCCAGGTG	0.883333	0.000499457	0.392453	139
GTGCGTAGGCTACGAA	0.882943	0.000409493	0.333333	152
CGTCACTTCCCAGGTG	0.853242	0.000344346	0.408	134
GGCCGATTCCCAGGTG	0.863014	0.000483946	0.380952	137
TGGACGCAGTTTAGGA	0.814433	0.000459128	0.375527	127
GTGCGGTTCCCAGGTG	0.906897	0.000365286	0.403042	131
TGGGCGTTCCCAGGTG	0.898955	0.000295952	0.383721	135
TGACGGCTCCCAGGTG	0.895105	0.000308981	0.351562	138
CCAGCGATCCCAGGTG	0.909091	0.000314565	0.35	137
TGGCGCATCATGTCTT	0.891228	0.000384675	0.511811	112
GGCTGGTTCATGTCTT	0.891228	0.000246626	0.582677	90
GACGCGTTCCCAGGTG	0.891228	0.000395533	0.330709	144
TGGACGCTCCCAGGTG	0.875887	0.000330386	0.425101	117
GCTGCGATCCCAGGTG	0.875887	0.000245075	0.360324	135
GACACGCTCATGTCTT	0.860714	0.000260586	0.53527	101
CGTAGGCTCCCAGGTG	0.856631	0.000372266	0.330544	131
CGACATTCTGATACGA	0.748201	0.000409493	0.365385	119
GTGTTAGTCTGCGGCA	0.942238	0.000365286	0.398467	141
AAGCCGCTCATGTCTT	0.895307	0.00023034	0.600806	90
GGGCACTAGTTTAGGA	0.82971	0.000262448	0.384279	120
GGTGCGTTCCCAGGTG	0.872263	0.000339693	0.389121	126
GCGCAACAGTTTAGGA	0.856618	0.000318753	0.412017	122
GCGCCAATCCCAGGTG	0.867159	0.000437413	0.4	124
CAGCGACTCGCGGATC	0.814815	0.000310222	0.545455	91
GTGGGTCTCCCAGGTG	0.854478	0.000295952	0.305677	135
GCGCCAATCCCAAGTA	0.940299	0.000230805	0.507937	110
GACGGCTTCATGTCTT	0.854478	0.000262913	0.50655	100
ACGGGCTTCCCAGGTG	0.898876	0.00032108	0.425	119
TGCCCATTCCCAGGTG	0.890566	0.00033504	0.389831	123
TGCGCAGAGTTTAGGA	0.875	0.00023732	0.337662	126
GGCGACTTCGCGGATC	0.852273	0.000269893	0.484444	97
GCGCAACTCCCAGGTG	0.859848	0.000697999	0.339207	132
GCGCCAAAGTTTAGGA	0.885932	0.00032806	0.39485	119
GCGACCATCATGTCTT	0.893536	0.000331937	0.544681	94
CAGGTGCTCCCAGGTG	0.90458	0.00033504	0.392405	120
TGCCCATTCATGTCTT	0.869732	0.000260586	0.506608	99
GAGTCCGTCCCAGGTG	0.854406	0.00032806	0.367713	124
GGCGTGTTCCCAGGTG	0.884615	0.00026617	0.378261	119
ACAGCCGTCCCAGGTG	0.880309	0.000446719	0.368421	126
ACACCGGTCCCAGGTG	0.902344	0.000332713	0.380952	122
TTGCCGTAGTTTAGGA	0.854902	0.000227082	0.440367	102
CGTAGGCTCATGTCTT	0.862745	0.000460679	0.55	90
GCTGCGATCATGTCTT	0.841897	0.000319528	0.516432	93
GACGGCTAGTTTAGGA	0.853755	0.000412595	0.384259	120
ACGCAGCTCATGTCTT	0.892857	0.00022336	0.573333	86
TGCGCAGTCATGTCTT	0.836653	0.000297813	0.542857	86
GCGCAGTTCCCAGGTG	0.896414	0.000418799	0.4	120
TGGCTGGTCCCAGGTG	0.888	0.000440515	0.36036	125
GGGACCTTCATGTCTT	0.844	0.000347448	0.469194	100
ACGGCCATCCCAGGTG	0.888	0.000403288	0.414414	114
GGCGACTAGTTTAGGA	0.83871	0.000390879	0.394231	112
GCAGCCATCGCGGATC	0.821862	0.000319528	0.492611	88
TCGCGAGTCGCGGATC	0.796748	0.000228013	0.5	87
CGTCACTTCATGTCTT	0.856557	0.000310222	0.521531	87
TGCGTGGTCCCAGGTG	0.880165	0.000302466	0.389671	111
TGGGCGTAGTTTAGGA	0.883333	0.000390879	0.40566	112
TCAGGTACATATGAGA	0.9375	0.000614239	0.413333	120
GCTGCTTTCCCAGGTG	0.916667	0.000440515	0.354545	126
ACGGCCATCATGTCTT	0.858333	0.000282302	0.558252	80
TCGAGGCAGTTTAGGA	0.811715	0.000176826	0.412371	96
GGGCATCTCCCAGGTG	0.894958	0.00023825	0.399061	113
CAGCGACAGTTTAGGA	0.87395	0.000381573	0.408654	112
CAGCCGATCCCAGGTG	0.890756	0.000290833	0.410377	112
GGCTCGATCCCAGGTG	0.927966	0.000418799	0.383562	118
CCAGCGATCATGTCTT	0.877119	0.000300915	0.531401	88
GGGACCTAGTTTAGGA	0.821277	0.000267566	0.404145	102
ACGGGCTTCATGTCTT	0.86383	0.000304017	0.517241	83
GCGGGTTTCCCAGGTG	0.880342	0.00030712	0.359223	113
TGGCCAGTCCCAGGTG	0.892704	0.00030712	0.365385	113
GGTGCGTTCATGTCTT	0.849785	0.000297813	0.515152	87
TTGCCGTTCATGTCTT	0.875	0.00030712	0.512315	88
GTGCAGCTCGCGGATC	0.818966	0.000451373	0.489474	93
CATGCCTTCCCAGGTG	0.831169	0.000390879	0.34375	111
CAGCTGGTCATGTCTT	0.896104	0.000288506	0.550725	87
CGTCCATTCATGTCTT	0.826087	0.000269893	0.542105	75
TTGCCGTTCCCAGGTG	0.90393	0.000431208	0.328502	119
ACGCCGAAGTTTAGGA	0.886463	0.000425004	0.325123	122
TACCTTAGTATAAACG	0.72807	0.000304017	0.409639	91
GTGCGGTTCATGTCTT	0.862832	0.000218706	0.517949	77
GCTGGGTTCATGTCTT	0.842342	0.000218706	0.497326	85
GCAGCCAAGCGTCAAG	0.864865	0.000310222	0.479167	87
GACACGCTCGCGGATC	0.828829	0.000313324	0.451087	91
CAAGGCCAGTTTAGGA	0.878378	0.000378471	0.374359	109
GACGTGCTCCCAGGTG	0.877828	0.000253606	0.438144	94
AACTCCCTCCCAGGTG	0.900452	0.000378471	0.386935	107
GCTGCAGAGTTTAGGA	0.827273	0.000212192	0.373626	96
GACACGCAGTTTAGGA	0.890909	0.000393982	0.352041	117
CGGACGTTCCCAGGTG	0.863014	0.000255933	0.417989	101
TGACGGCAGTTTAGGA	0.848624	0.000322631	0.437838	91
GGCCGATTCATGTCTT	0.93578	0.000511866	0.460784	102
GGCCGATAGCGTCAAG	0.830275	0.00021638	0.486188	81
TGCGGGTTCCCAGGTG	0.911628	0.00028618	0.372449	107
CGTCAGGTCCCAGGTG	0.902326	0.000375368	0.376289	110
CATATTCAGTCGAGTG	0.962791	0.00022336	0.536232	78
CGCCAAGTCGCGGATC	0.813084	0.000276097	0.488506	83
ACACCGGTCATGTCTT	0.859813	0.000257484	0.548913	75
GGGTTGCAGTTTAGGA	0.835681	0.000322631	0.41573	90
CGGCTAGTCCCAGGTG	0.924883	0.000390879	0.360406	109
AGGCCACTCCCAGGTG	0.85446	0.000535133	0.368132	109
GTGCAGCAGTTTAGGA	0.858491	0.000341244	0.395604	99
GGCTGGTTCGCGGATC	0.820755	0.000294711	0.454023	89
CAGCTGGTCGCGGATC	0.758294	0.000142702	0.425	80
AGGTCCGTCCCAGGTG	0.895735	0.000208469	0.407407	95
TTTGCGCTCCCAGGTG	0.9	0.000267566	0.391534	103
GTGCGGTAGCGTCAAG	0.895238	0.00022336	0.489362	82
GGTGCGTAGCGTCAAG	0.842857	0.000163797	0.502825	81
GCGCAACTCATGTCTT	0.895238	0.000263689	0.547872	81
CACAGGCTCCCAGGTG	0.92823	0.00036296	0.396907	101
TCGAGGCTCCCAGGTG	0.860577	0.000375368	0.324022	109
GGGCATCTCATGTCTT	0.860577	0.000269893	0.513966	78
GCGCCAATCATGTCTT	0.889423	0.00036296	0.578378	76
CAGAATCTCCTGCTTG	0.850962	6.28199e-05	0.389831	18
CAACCAAGTCGCTTCT	0.947115	0.0002792	0.543147	83
AAGCCGCTCGCGGATC	0.831731	0.000294711	0.450867	85
GGCGTGTTCATGTCTT	0.859223	0.000288506	0.474576	80
GCAGCCAAGTTTAGGA	0.82439	0.000328835	0.372781	99
AGGTCCGAGTTTAGGA	0.839024	0.000322631	0.395349	95
CGTCCATTCCCAGGTG	0.872549	0.000350551	0.365169	103
AGCAGCCTCCCAGGTG	0.901961	0.000276873	0.353261	104
GGTGCGTAGTTTAGGA	0.82266	0.000316426	0.389222	89
CGGAGCTTCCCAGGTG	0.876847	0.000331937	0.398876	96
GTCTTCGTCCCAGGTG	0.806931	0.000263689	0.478528	77
GACGCGTTCATGTCTT	0.846535	0.000367613	0.538012	73
GACGCGTAGTTTAGGA	0.777228	0.000328835	0.324841	93
ATGGGAGTCATAACCG	0.960396	0.00023732	0.474227	87
GTCTCGTCCGATCTGT	0.835821	0.000800372	0.488095	86
GACGCGTAGCGTCAAG	0.80597	0.000269893	0.462963	81
TGAGCCGAGTTTAGGA	0.865	0.00030712	0.427746	88
GTGTGCGTCCCAGGTG	0.89	0.000328835	0.404494	98
CGAGCACTCCCAGGTG	0.86	0.000269893	0.325581	104
TGGGCGTAGCGTCAAG	0.859296	0.000276097	0.479532	75
