CB	CorrectedReads	MappedReads	DeduplicatedReads	MappingRate	DedupRate	MeanByMax	NumGenesExpressed	NumGenesOverMean
ACACACACACACACAC	1806967	7076	2199	0.00391595	0.689231	0.0358716	1803	256
CACACACACACACACA	1215658	5248	1508	0.004317	0.712652	0.055482	1359	155
AAAGCAAGTCTCATCC	818145	602129	75490	0.735969	0.874628	0.00893572	7570	1069
ACTGAACTCAGATAAG	783184	555204	69470	0.708906	0.874875	0.00618728	6863	730
CTCGGGATCCCAGGTG	778927	598803	78213	0.768754	0.869384	0.00235586	6617	869
TGCTGCTAGGGTGTTG	727944	508892	75167	0.699081	0.852293	0.00484586	7600	928
TCTATTGGTCTCCCTA	709867	487555	69933	0.686826	0.856564	0.0051383	7629	977
GTGTGTGTGTGTGTGT	708233	10087	1750	0.0142425	0.826509	0.0498405	1463	221
AGCAGCCTCCTTGCCA	701852	496128	65014	0.706884	0.868957	0.00881947	7345	998
CTAATGGCAGTCGATT	701616	491630	66747	0.700711	0.864233	0.0097714	7704	1022
CCACGGATCGTGACAT	669834	465600	65109	0.695098	0.860161	0.00867761	7178	821
CTCTAATTCCGGCACA	663125	462115	61184	0.696875	0.8676	0.0108115	7417	947
CCCATACACACACACA	634654	3301	959	0.00520126	0.709482	0.0944548	923	87
TCAACGAGTGTTGGGA	633937	462448	61979	0.729486	0.865976	0.00957709	7098	988
GGCGACTTCACCACCT	582106	412035	55074	0.707835	0.866337	0.00974538	6817	846
GTTACAGGTACACCGC	574400	387761	54704	0.675071	0.858923	0.00865127	7305	1027
CATGACAAGAGATGAG	538961	395097	51812	0.733072	0.868863	0.0117517	6201	762
CGGACACCAGGTTTCA	535139	413494	53972	0.772685	0.869473	0.00428847	5649	794
AAACGGGCAATGTAAG	512025	401113	47138	0.783386	0.882482	0.00267875	4998	598
CTACACACACACACAC	511652	1898	786	0.00370955	0.58588	0.146396	767	78
CCTTCGATCCAGATCA	498138	367157	47623	0.737059	0.870293	0.00492646	5505	771
CCTCAGTTCAATAAGG	497550	341856	49655	0.687079	0.854749	0.00902154	6276	786
GCATGATAGCGTTTAC	480219	349969	48038	0.72877	0.862736	0.00264503	5386	734
AAGCAGTGGTATCAAC	467108	9891	2397	0.021175	0.757658	0.137254	2183	296
TCCACACACACACACA	461662	1892	728	0.00409824	0.615222	0.10814	748	568
CATTCGCTCTTGCAAG	452868	312380	43746	0.689782	0.859959	0.00828176	6100	726
CTACACCAGCACCGCT	436551	301844	37512	0.691429	0.875724	0.0051531	4786	566
GCAATCATCTTACCGC	427779	299740	37603	0.700689	0.874548	0.0122645	5570	714
TCTTCGGCAGTAACGG	425869	319384	43429	0.749958	0.864023	0.0126736	6065	777
AGAGCTTTCTTCCTTC	421139	305609	47383	0.725673	0.844955	0.00442288	5370	736
CACCACTGTAAGTAGT	401194	276850	40587	0.690065	0.853397	0.00450343	5822	809
GCTGCTTTCCTTGCCA	400564	269273	37234	0.672235	0.861724	0.0111789	5907	770
TGGCCAGCACCATGTA	399038	283813	38780	0.711243	0.863361	0.00762004	5821	766
TGCTGCTTCACCCGAG	384818	294794	39276	0.766061	0.866768	0.00318566	4731	602
GGAACTTTCGCTGATA	383115	288050	36638	0.751863	0.872807	0.00331001	4542	536
CACCAGGTCGCGCCAA	381630	286942	37061	0.751885	0.870841	0.00355413	4695	660
ACATGGTCAGGCTGAA	374880	272965	38982	0.72814	0.85719	0.0105343	5641	724
GAATAAGTCCTGCTTG	370899	284584	34619	0.767282	0.878352	0.00534859	4548	607
CTAAGACTCAGTGTTG	361165	250458	34131	0.693473	0.863726	0.00819463	5546	618
AATCCAGGTTAGGGTG	360877	279234	39522	0.773765	0.858463	0.00309468	4737	585
AGACGTTGTACTTGAC	354541	272762	36120	0.769338	0.867577	0.0038565	4460	561
GCGCGATAGACACTAA	351001	255996	34568	0.729331	0.864967	0.00604771	4407	593
CCTACACACACACACA	350068	1498	605	0.00427917	0.596128	0.0681306	592	48
ACTATCTTCGAATGGG	348275	271803	31840	0.780426	0.882856	0.0170101	4511	465
ATCATGGCAGGCTCAC	346648	234594	30803	0.67675	0.868697	0.00347907	4655	610
CTGGTCTTCTCTTATG	345119	259087	34490	0.750718	0.866879	0.00418991	4720	603
CTCACACACACACACA	344983	1438	525	0.00416832	0.63491	0.112372	584	414
GCAAACTGTTAAGATG	342658	229174	31980	0.668813	0.860455	0.010998	5438	709
GTCGGGTTCCGGGTGT	336825	248819	35973	0.738719	0.855425	0.00376237	4789	652
CCGGGATCACGCCAGT	335748	254970	32975	0.759409	0.870671	0.00257941	4459	591
